132.33
129.79
132.55
131.47
128.13
128.40
125.17
126.56
128.56
121.39
119.57
127.74
132.71
133.09
137.00
138.07
138.60
139.74
142.71
142.08
140.60
143.56
142.59
145.80
143.20
142.83
145.18
146.13
143.90
146.71
146.74
147.73
147.03
146.32
146.09
147.03
144.84
146.88
144.52
146.88
147.42
145.89
147.48
148.84
147.42
149.97
154.07
153.79
152.12
153.84
153.42
153.41
153.34
153.38
151.94
149.93
148.47
144.57
145.24
149.10
151.37
153.73
155.18
154.62
153.16
151.71
153.50
155.34
154.78
156.02
156.87
157.75
159.12
161.26
159.00
155.20
159.28
171.81
170.31
169.15
170.53
169.84
174.45
172.34
168.64
170.98
169.80
169.51
167.08
168.59
174.58
174.99
174.73
173.54
173.16
176.76
178.22
177.58
174.12
173.51
176.82
175.35
171.96
175.39
176.555
178.75
174.42
174.48
175.90
178.15
178.15
178.87
179.71
178.30
179.83
180.38
180.97
180.69
182.41
180.00
185.07
185.19
185.67
185.95
189.05
186.13
183.62
183.32
181.28
179.22
174.63
177.23
179.54
176.59
173.67
179.62
180.96
175.00
179.00
184.72
186.21
188.70
188.76
188.00
189.50
187.48
186.57
187.07
185.99
183.63
184.70
183.54
183.15
183.13
181.05
180.75
182.15
182.02
179.32
176.44
178.34
179.34
181.28
185.00
184.30
187.06
187.23
186.89
183.83
183.66
184.06
182.81
186.10
189.08
185.57
186.34
193.61
197.85
193.25
197.20
200.00
197.59
200.00
199.29
199.34
199.79
195.05
194.49
192.72
193.02
187.93
183.75
183.13
182.55
186.41
180.83
179.85
182.50
183.20
181.71
186.98
184.07
167.90
161.02
161.93
162.77
165.80
166.94
166.80
170.23
170.10
177.59
177.06
178.22
178.88
180.11
176.13
177.04
175.50
173.12
170.80
172.12
178.50
176.25
173.33
177.89
171.39
175.40
179.55
184.52
187.00
186.49
184.89
186.88
186.43
189.87
191.60
193.88
193.96
192.53
191.16
187.97
186.33
185.13
184.76
181.96
186.51
180.80
182.72
185.17
186.65