53.77
54.16
53.94
53.77
53.32
52.93
52.20
53.01
52.40
51.37
51.56
51.57
52.13
52.19
52.75
53.01
53.29
53.13
53.00
52.00
52.59
52.23
53.17
53.28
48.04
47.755
48.27
47.80
48.08
48.36
47.93
47.85
48.05
48.38
48.47
48.05
47.93
47.70
48.26
48.38
49.39
49.33
49.69
49.44
49.87
50.24
50.18
49.80
49.70
50.09
50.28
50.44
50.48
50.52
50.51
50.51
50.08
50.09
50.46
49.91
50.24
50.44
50.34
50.59
50.30
50.75
51.27
51.57
51.76
51.31
52.33
52.14
52.29
52.24
50.18
50.18
50.18
49.51
49.98
49.77
49.95
50.13
49.99
49.64
50.28
49.06
48.44
48.28
48.48
48.57
48.86
48.40
48.31
48.06
48.37
48.40
49.13
48.95
49.17
48.90
49.50
50.22
50.07
50.11
49.79
48.93
49.27
49.14
49.55
49.88
49.78
49.68
49.55
49.77
49.91
50.04
49.36
48.74
48.11
48.55
48.24
50.01
49.21
49.53
48.49
48.24
47.92
47.79
48.11
48.32
48.14
48.32
48.35
48.10
47.86
47.78
46.98
46.84
46.79
47.12
47.11
47.28
48.00
47.79
48.06
48.68
48.95
49.67
48.34
48.17
47.13
46.94
47.43
46.60
46.42
46.28
46.08
46.12
46.50
46.65
47.42
46.02
46.23
45.84
45.85
45.77
45.62
45.52
45.68
45.69
45.97
46.72
47.29
47.28
47.38
46.86
47.45
47.51
47.52
47.28
47.09
46.65
46.06
45.80
46.27
46.76
47.38
47.40
47.42
48.52
48.04
47.32
46.82
46.36
46.85
47.24
47.88
47.99
48.14
48.45
47.39
46.66
44.74
45.16
45.12
45.83
45.47
44.86
45.37
45.44
48.53
49.46
49.98
50.24
50.45
50.22
50.74
50.79
50.71
49.85
50.39
50.54
50.06
49.70
49.13
48.50
48.70
48.79
49.11
49.61
49.80
51.03
50.61
50.57
51.44
51.97
52.19
52.52
52.65
52.85
53.02
53.22
52.74
52.62
52.43
52.75
52.51
52.73
53.56
53.54
54.25
