314.69
321.15
324.00
316.97
312.81
308.65
314.01
312.55
299.53
288.35
296.73
302.66
301.27
311.85
310.87
314.60
315.80
318.82
319.78
320.55
328.77
329.19
336.31
332.71
334.19
335.04
339.97
336.98
341.49
338.23
334.70
338.99
332.20
327.15
324.82
320.02
318.29
317.45
326.59
332.75
325.28
334.22
334.74
333.17
334.92
344.62
350.36
349.28
354.09
353.39
354.83
357.83
358.32
353.96
346.29
344.47
347.12
351.95
358.66
357.43
370.47
369.67
374.49
367.46
368.37
376.13
383.45
381.78
385.20
390.70
393.18
394.14
401.02
400.06
390.14
394.78
474.99
459.41
454.72
469.59
470.00
468.11
468.90
460.12
473.28
484.03
473.32
471.75
468.03
486.13
484.03
481.74
487.05
484.02
490.13
502.30
498.19
490.22
496.09
512.19
505.95
483.59
499.75
495.57
491.83
484.10
496.98
496.24
505.52
507.76
509.58
503.02
495.89
493.86
485.58
491.35
497.37
506.74
510.92
527.34
519.25
516.90
519.83
523.16
511.90
500.23
499.76
494.17
501.80
481.07
481.73
496.10
493.50
441.38
443.29
432.62
430.17
439.19
441.68
451.96
465.68
468.24
472.60
475.42
476.20
468.01
471.85
481.54
473.23
471.91
468.84
464.63
467.78
465.78
478.22
479.92
474.36
467.05
466.83
477.49
476.99
495.06
493.76
492.96
502.60
507.47
508.84
504.10
504.16
506.63
499.49
501.70
494.78
498.91
510.60
513.12
519.56
504.22
504.68
509.50
509.96
539.91
529.32
530.00
534.69
512.70
498.87
496.16
489.79
461.99
475.85
476.79
487.40
488.69
461.27
453.41
465.70
465.71
463.19
474.83
497.74
488.14
475.73
494.09
488.92
509.63
517.77
515.95
528.54
526.76
537.33
527.42
529.28
526.73
535.16
531.93
528.00
521.12
519.10
516.78
518.22
521.31
511.76
512.74
516.86
500.27
504.79
504.79
511.83
525.60
524.62
533.28
536.315
537.95
559.10
561.35
564.41
563.33
568.31
567.84
567.36
572.44
576.47
572.81
582.77
595.94
584.78
592.89
590.51
583.83
589.95