327.73
332.64
332.06
330.11
331.32
326.67
329.32
330.53
340.67
327.89
329.81
337.31
338.11
346.07
348.32
352.80
356.53
360.53
363.20
360.69
369.67
366.68
370.27
369.67
376.17
369.85
377.44
373.07
377.85
377.43
378.61
382.70
378.85
378.91
374.51
369.14
372.52
368.80
370.95
374.23
371.30
374.38
374.37
365.93
370.73
372.65
373.26
370.62
373.54
374.58
374.66
374.07
375.28
376.04
370.87
370.60
367.94
367.75
374.69
375.79
382.77
384.63
388.47
390.27
389.47
393.87
398.67
396.51
398.90
402.56
404.87
403.93
409.72
408.59
397.58
403.78
411.22
405.65
405.49
414.05
414.11
420.55
415.26
406.32
409.49
406.56
404.06
402.79
402.18
411.65
410.34
407.54
407.48
407.72
413.64
415.50
414.92
402.65
402.09
409.14
406.22
404.52
415.28
415.10
425.22
416.42
417.32
421.41
425.23
429.37
428.74
422.86
421.65
421.43
420.72
424.57
421.44
420.45
417.88
425.52
424.59
426.28
423.26
427.93
421.90
413.64
414.58
411.84
404.27
399.12
400.96
407.57
409.06
399.04
406.32
402.25
389.33
394.94
397.84
406.66
413.54
409.34
410.54
412.32
414.74
413.72
416.56
423.08
420.99
420.21
425.34
429.04
430.52
427.00
430.16
430.32
429.17
414.67
415.13
413.52
416.07
424.01
424.52
423.85
427.87
432.68
441.06
441.58
442.57
448.37
446.34
445.70
449.78
447.67
450.95
452.16
452.85
446.95
456.73
459.28
460.77
467.56
466.24
459.54
466.25
454.70
453.55
453.96
449.52
443.52
440.37
437.11
442.94
444.85
428.90
418.40
425.27
426.73
422.92
418.35
417.11
408.49
395.15
399.61
398.43
402.69
406.02
406.81
414.01
416.86
421.03
418.47
421.53
424.80
424.14
415.55
416.79
413.49
413.84
410.60
413.12
417.14
409.44
408.90
408.39
401.70
405.72
414.20
423.04
427.00
430.59
431.34
435.15
430.81
438.69
435.27
433.51
429.17
432.11
431.31
428.02
430.30
420.69
417.13
416.54
416.06
409.54
414.71
417.46
415.84
416.32