46.945
45.461
46.095
43.938
42.196
42.101
41.387
42.975
43.663
41.779
40.326
40.50
41.161
40.78
42.325
43.506
45.005
45.751
45.955
46.574
46.95
48.335
48.62
49.656
48.888
49.48
49.298
50.409
49.944
48.716
47.776
48.242
47.821
48.14
46.77
46.765
45.51
46.566
45.503
46.596
47.506
46.627
47.657
48.088
48.35
48.89
50.077
49.604
48.111
48.99
48.83
49.279
49.417
49.522
49.522
48.168
47.569
47.998
49.097
52.253
53.14
54.35
54.822
54.71
56.382
56.053
57.107
59.491
59.654
59.873
61.362
61.617
61.031
62.465
62.774
61.527
63.027
66.16
69.332
68.223
70.099
69.641
72.133
72.248
72.128
73.90
72.658
72.613
69.452
67.472
78.538
78.817
79.092
78.701
77.663
79.112
82.279
85.237
85.964
88.70
92.669
87.528
85.774
91.913
90.888
87.944
87.8365
88.455
89.398
90.372
91.435
94.289
95.002
92.561
90.25
90.356
90.363
89.452
88.964
85.905
88.008
87.133
85.354
87.039
90.616
88.186
86.001
87.415
84.035
84.671
76.20
79.518
82.423
79.677
82.632
87.735
87.757
86.402
83.041
85.817
88.789
92.14
90.554
90.412
88.747
89.878
90.399
91.356
94.63
94.359
92.479
94.78
95.386
94.95
103.799
106.469
113.901
114.825
110.50
109.633
115.00
116.437
122.44
120.998
120.888
121.79
120.91
125.20
129.61
131.88
130.98
135.58
130.78
126.57
118.11
126.09
126.40
123.99
123.54
124.30
122.67
128.28
125.83
128.20
131.38
134.91
127.40
129.24
128.44
126.36
117.99
121.09
117.93
123.54
122.59
114.25
112.28
113.06
111.59
103.73
117.02
109.21
107.27
100.45
104.25
98.91
104.97
104.75
109.02
116.14
118.08
122.86
124.58
130.00
127.25
128.50
123.74
129.37
126.46
128.30
125.61
117.59
119.37
108.00
106.21
107.21
102.83
106.47
108.10
116.91
119.14
119.10
116.78
115.59
113.37
117.87
116.00
116.26
120.87
123.51
124.04
121.40
121.44
117.00
118.85
122.85
124.92
127.72
132.89
132.65
134.81
134.80
