84.35
85.71
86.20
84.68
83.25
82.65
83.10
82.56
80.59
79.78
79.33
80.68
81.59
81.07
83.29
85.07
84.02
84.59
84.50
90.34
88.27
89.44
91.07
93.93
94.51
94.15
95.03
94.45
95.07
96.06
95.17
92.50
92.50
92.69
92.58
92.01
90.79
91.50
92.35
92.82
92.20
91.07
92.83
93.94
93.46
92.86
93.93
91.27
92.02
91.02
90.95
90.38
90.40
90.29
90.71
91.65
90.56
90.90
91.55
89.67
89.29
89.45
90.35
93.05
90.34
92.21
93.06
95.08
93.77
93.50
94.86
95.36
97.49
96.94
96.05
97.06
97.13
96.65
99.29
99.14
110.54
108.39
109.29
110.46
111.56
112.45
111.60
109.44
107.67
107.64
107.74
107.68
109.42
110.80
111.58
111.95
113.69
112.87
110.06
110.18
110.32
112.31
112.46
112.50
112.06
111.95
113.85
114.51
116.46
116.70
115.87
119.36
119.93
120.98
122.36
121.53
122.82
118.98
117.09
118.38
117.35
117.97
117.19
117.15
114.01
112.95
113.88
112.94
112.43
112.61
111.99
113.71
113.92
112.77
112.73
112.08
111.10
110.48
112.62
113.66
116.47
105.39
105.44
105.80
105.79
105.83
105.35
102.77
103.37
103.25
102.90
103.01
103.02
100.66
101.76
102.44
100.88
101.70
103.91
102.77
103.33
101.50
101.21
101.54
102.74
100.87
100.80
100.09
99.97
101.52
101.50
101.84
102.27
101.98
102.20
102.18
102.17
99.29
98.04
97.99
98.61
97.99
97.37
97.05
96.97
96.60
97.13
96.87
98.47
97.31
96.79
95.74
94.13
90.94
89.80
89.21
89.93
92.14
93.79
93.69
93.05
89.57
87.78
89.97
85.96
85.96
86.21
85.95
85.60
86.30
88.79
89.30
90.82
89.74
90.72
89.92
90.56
91.78
90.90
89.49
89.81
90.38
89.13
89.25
88.65
87.94
88.34
88.40
88.32
89.30
90.55
91.85
92.86
93.58
93.45
93.75
92.97
93.69
93.92
95.20
96.01
96.19
94.05
94.15
93.63
95.15
92.39
92.51
93.60
92.99
94.13