355.68
360.82
355.72
346.19
401.77
400.96
406.84
413.73
411.25
403.54
397.87
410.08
411.69
420.19
424.71
432.36
434.74
434.61
436.65
435.15
447.24
444.62
448.65
461.94
466.95
465.91
474.47
474.95
478.00
479.56
479.17
479.00
477.19
473.97
465.74
453.90
455.15
446.73
452.00
453.76
459.89
463.00
479.98
469.83
472.06
486.12
495.02
489.27
491.61
486.76
491.19
491.79
490.51
486.88
468.50
470.26
474.67
474.06
485.03
482.09
478.33
492.23
492.16
481.24
480.33
485.31
482.95
485.71
492.19
544.87
562.00
570.42
575.79
562.85
564.11
567.51
564.64
562.06
555.88
559.30
558.53
561.32
557.85
554.52
579.33
593.46
583.95
575.13
573.35
588.47
583.56
587.65
601.67
596.48
602.92
619.34
615.83
598.50
597.69
608.51
604.82
600.93
611.08
609.45
613.01
605.88
618.39
620.74
627.69
622.71
628.01
627.46
629.24
613.53
607.33
614.31
614.21
630.08
617.14
636.18
628.41
618.20
618.58
628.78
622.83
607.15
617.52
613.69
610.56
555.04
554.60
577.75
555.12
564.80
561.23
559.49
550.64
551.71
565.15
579.34
596.97
606.00
609.47
612.09
610.87
616.59
613.66
613.52
610.52
621.10
640.82
650.61
640.47
635.67
646.75
649.00
654.62
647.66
641.62
633.79
631.62
650.27
648.52
641.47
644.50
648.55
650.06
653.26
669.38
675.83
685.67
679.03
686.12
669.02
672.41
677.69
684.34
674.88
673.61
679.58
682.51
690.65
685.74
685.74
677.65
652.75
647.60
656.45
656.32
647.46
643.04
633.34
647.50
642.76
635.99
634.09
631.37
626.96
622.58
628.35
624.85
613.64
598.55
609.57
611.48
630.35
633.94
633.14
648.02
661.68
663.22
674.07
688.53
698.54
697.12
688.96
686.73
688.44
695.72
683.84
692.48
701.35
675.32
679.68
683.62
665.77
675.42
673.62
681.47
686.80
697.06
696.50
706.91
690.47
704.32
701.03
705.37
722.26
721.56
711.43
707.35
709.27
706.13
711.09
706.80
719.70
701.92
721.76
727.43
730.29
722.79