43.48
44.71
44.38
43.00
42.72
42.96
43.04
44.19
42.35
40.62
41.23
42.73
43.28
43.83
46.48
47.75
48.14
49.92
49.50
50.05
51.58
52.24
53.88
53.76
54.42
54.44
54.75
54.85
55.37
55.32
56.06
56.21
56.40
56.38
57.35
58.63
57.97
59.75
60.98
61.70
62.46
62.72
61.97
62.50
61.86
61.73
62.12
60.68
61.46
61.71
61.98
63.28
63.14
61.57
58.38
58.25
57.80
57.58
59.01
60.30
62.41
63.47
63.20
63.65
63.12
64.88
65.11
64.55
64.32
63.76
66.00
65.52
66.98
66.84
65.27
66.73
68.07
68.99
70.47
70.65
71.61
70.91
69.12
68.99
79.15
81.39
78.41
76.60
76.44
78.03
78.20
78.36
78.75
77.73
79.50
81.03
81.30
79.09
78.64
79.41
78.70
77.47
78.32
78.25
77.65
76.07
75.70
77.08
78.64
80.25
80.23
79.41
77.91
78.11
76.99
76.40
76.98
76.81
74.92
77.16
75.03
75.14
74.35
76.18
75.28
73.40
74.13
71.94
71.30
69.20
68.98
70.80
69.36
69.31
69.05
67.40
66.27
67.79
68.57
69.23
71.51
70.43
66.40
67.93
66.99
66.02
65.32
66.62
66.05
65.67
64.65
63.97
65.48
63.60
64.26
63.52
64.93
64.12
64.56
63.79
64.55
65.82
68.90
69.31
68.60
69.59
73.15
70.86
70.06
70.49
70.33
70.30
70.21
70.54
71.38
70.85
70.34
72.68
71.10
70.67
71.30
71.06
71.25
71.32
69.27
73.53
72.43
72.29
74.30
68.62
66.26
67.31
67.73
67.52
66.14
65.74
64.40
63.76
63.09
64.47
61.02
58.99
58.48
64.87
65.54
69.01
68.54
69.26
71.06
71.93
72.73
72.04
74.18
73.31
73.48
73.31
74.30
72.61
72.56
71.85
72.24
73.13
71.89
71.56
71.25
69.58
69.80
68.99
70.11
68.09
72.48
71.52
72.78
73.50
75.28
73.94
74.71
77.44
77.14
76.69
75.75
75.16
74.24
72.87
72.94
74.28
74.59
76.17
77.87
77.92
86.34