0.0
-0.3
-0.3
0.21
0.31
0.2
0.15
0.05
-0.19
-0.05
0.01
0.05
0.24
0.22
0.5
0.46
0.3
0.45
0.4
0.71
0.73
0.81
0.87
0.65
0.72
0.68
0.65
0.8
0.89
0.93
0.97
1.0
1.24
1.5
1.64
1.5
1.1
1.52
1.73
2.04
2.1
2.31
2.3
2.29
2.62
2.46
2.3
2.14
2.01
1.86
2.05
2.59
2.12
2.15
2.52
2.373
2.15
2.29
2.14
2.055
2.06
2.4
2.235
1.95
1.94
1.2
0.925
0.0031
0.305
0.56
0.49
1.14
1.3901
1.3225
1.48
0.73
0.74
0.5401
0.4
0.45
0.57
0.385
0.24
0.175
0.564
0.54
0.64
0.75
0.74
0.718
0.8488
0.54
0.73
0.69
0.67
0.95
0.78
0.735
0.76
0.69
0.7
0.65
0.702
0.7685
0.695
0.83
1.03
1.155
1.095
1.445
1.435
1.288
1.3001
1.085
0.93
0.91
1.08
1.18
1.145
1.215
1.33
1.37
1.38
1.354
1.305
1.355
1.2
1.2276
1.155
1.25
1.23
1.24
1.18
0.84
0.93
1.0301
0.896
1.035
0.95
0.81
0.7699
0.625
0.645
0.7625
0.69
0.72
0.73
0.73
0.7
0.575
0.7
0.66
0.725
