0.0
0.51
0.67
0.38
0.07
0.22
0.2
0.2
0.25
0.55
0.65
0.54
0.43
0.2
0.22
0.21
-0.13
-0.13
-0.34
-0.6
-0.08
-0.39
-0.09
-0.32
-0.26
-0.61
-0.68
-0.61
-0.44
-0.61
-0.62
-0.35
-0.38
-0.31
-0.25
-0.51
-0.48
-0.82
-0.38
-0.41
-0.4
-0.42
-0.33
-0.44
-0.51
-0.5
-0.38
-0.43
-0.4
-0.485
-0.48
-0.505
-0.54
-0.61
-0.74
-0.7
-0.64
-0.52
-0.41
-0.57
-0.695
-0.51
-0.93
-0.63
-0.71
-1.35
-0.0901
-0.14
1.0
1.5608
-0.04
0.55
-0.05
-0.1725
0.0999
-0.09
-0.1833
-0.05
-0.295
-0.69
-0.5
-0.34
-0.63
-1.26
-0.79
-0.415
-0.0099
0.045
0.37
0.375
0.78
0.39
0.08
-0.3442
-0.42
-0.53
-0.56
-0.91
-0.88
-1.16
-0.95
-1.22
-0.915
-0.68
-0.5699
-0.4703
-0.19
0.035
-0.4975
-0.07
-0.0512
-0.08
0.03
-0.19
-0.27
-0.1
0.26
0.37
0.0463
-0.1
-0.22
-0.08
0.13
0.345
0.27
0.31
0.23
0.17
0.08
0.0881
0.08
0.13
0.135
0.07
-0.0919
-0.095
-0.315
-0.35
0.16
0.07
0.13
-0.03
-0.265
0.24
0.465
0.62
0.62
0.55
0.59
0.53
0.5
0.41
0.37
