0.0
0.01
0.21
0.24
0.39
0.16
0.19
0.18
0.1
0.24
0.25
0.2
0.28
0.27
0.3
0.37
0.3
0.36
0.36
0.22
0.24
0.2
0.11
-0.07
0.0
0.04
-0.16
-0.01
-0.08
0.01
0.12
0.17
0.18
0.14
0.14
0.06
-0.16
-0.04
-0.35
-0.05
0.04
0.14
0.14
0.24
0.19
0.02
0.15
-0.01
0.0
-0.12
-0.08
0.05
-0.07
0.19
0.28
0.37
0.385
0.41
0.46
0.37
0.46
0.39
0.52
0.56
0.49
0.01
-0.095
0.095
-0.122
-0.2392
-0.5716
-0.175
-0.24
0.1113
0.095
-0.225
-0.23
-0.02
0.0106
-0.1
-0.24
-0.085
-0.286
-0.7208
-0.5301
-0.5399
-0.56
-0.37
-0.2795
-0.2555
-0.2601
-0.3402
-0.2492
-0.275
-0.345
-0.3799
-0.444
-0.5098
-0.44
-0.715
-0.81
-0.62
-0.6299
-0.5099
-0.54
-0.325
-0.085
0.034
0.1301
0.19
0.34
-0.01
0.1801
0.1102
0.0433
0.0344
0.035
0.1638
0.1407
0.03
0.045
0.04
0.0293
0.084
0.0847
0.03
0.02
-0.0207
-0.0925
-0.1106
-0.0761
-0.155
-0.235
-0.1901
-0.0779
-0.125
-0.075
-0.1201
-0.1008
-0.26
-0.185
-0.1733
-0.2494
-0.225
-0.27
-0.24
-0.235
-0.265
-0.26
-0.25
-0.23
-0.25
-0.24
