0.0
0.0
0.35
0.36
0.2
0.26
0.3
0.3
0.15
0.24
0.2
0.17
0.17
0.1
0.13
0.28
0.2
0.12
0.5
-1.03
-0.91
-1.05
-1.2
-1.61
-1.75
-2.09
-2.11
-2.3
-2.2
-1.78
-1.58
-1.62
-1.65
-1.53
-1.52
-1.59
-1.25
-1.37
-1.65
-1.5
-1.54
-1.51
-1.52
-1.51
-1.42
-1.46
-1.29
-1.2
-1.2
-1.38
-1.32
-1.33
-1.4
-1.4028
-1.38
-1.44
-1.3803
-1.27
-1.28
-1.38
-1.37
-1.34
-1.01
-0.75
-0.96
-1.1
0.12
-0.69
-0.29
-1.0199
-0.565
-0.09
-0.087
-0.425
-0.48
-0.785
-0.895
-1.1143
-0.945
-0.47
0.32
0.34
0.81
0.0973
0.7501
0.6
0.1713
0.12
0.28
0.605
0.6865
0.2
0.32
-0.1257
-0.2799
-0.3402
-0.45
-0.19
-0.4723
-0.4042
-0.19
0.0699
0.27
0.095
0.05
0.0095
0.17
0.205
-0.1
-0.3197
0.22
0.135
0.255
0.0347
-0.225
0.0
-0.0499
0.06
0.17
0.08
0.0738
0.22
0.3
0.15
0.045
0.08
0.09
0.19
0.4169
0.62
0.6648
0.8627
0.68
0.49
0.2627
0.2094
0.175
0.1194
0.1347
0.07
-0.162
-0.248
-0.36
-0.49
-0.58
-0.6
-0.78
-0.8
-0.75
-0.73
-0.78
-0.86
-0.76
