342.54
339.40
328.34
334.65
324.90
323.80
319.91
327.29
333.20
334.69
342.45
341.25
341.95
339.32
336.32
334.75
329.01
316.38
313.88
314.04
314.27
314.98
318.27
304.80
310.20
302.65
303.33
301.60
296.03
296.37
288.49
296.71
299.84
308.26
310.98
308.76
313.46
301.25
305.94
300.95
304.56
311.21
302.38
295.04
295.00
300.47
299.50
290.73
287.93
287.72
280.27
294.59
297.31
298.79
294.95
300.19
295.92
289.86
278.91
275.85
288.50
285.59
280.07
276.44
287.15
294.39
295.22
300.43
299.16
304.06
299.49
304.10
303.68
310.70
315.41
313.86
308.31
309.42
314.97
310.88
299.50
301.37
296.97
285.26
282.06
287.62
279.83
280.52
285.30
286.36
280.81
274.03
280.72
270.22
283.22
289.63
277.52
284.47
281.78
289.98
277.35
274.73
264.58
269.50
260.55
255.35
261.12
261.50
266.82
254.08
253.14
252.56
260.65
259.62
262.52
265.90
273.24
271.87
272.42
274.58
270.02
268.75
272.50
270.41
264.79
252.99
242.26
244.49
251.76
244.97
247.65
253.74
253.13
258.86
267.70
264.89
256.48
260.26
256.83
259.58
262.85
266.21
268.40
267.66
264.51
253.67
252.72
254.08
256.72
254.25
259.53
262.27
264.84
260.36
258.83
251.90
268.74
276.41
280.74
278.01
274.82
282.47
283.65
282.91
280.32
282.30
289.16
287.02
291.91
293.47
292.71
291.32
290.17
286.15
277.75
276.44
275.79
278.85
268.09
265.23
262.97
261.47
260.40
256.06
253.25
258.09
258.52
264.46
266.65
251.99
252.22
245.38
244.74
244.52
242.45
238.95
240.98
237.92
237.45
236.41
241.07
237.50
232.90
240.74
248.88
249.20
246.79
234.24
229.25
225.41
225.75
234.24
228.56
237.53
238.50
236.48
236.15
242.12
247.25
250.66
231.32
226.75
235.87
232.13
228.17
220.10
214.25
221.39
227.87
228.87
224.51
242.98
247.11
241.55
241.97
241.73
241.68
241.22
242.05
245.03
247.58
247.49
241.76
240.33
255.14
254.69
255.02
250.20
245.12
244.37
247.40
245.42
252.51
256.92
257.22
249.01
244.69
240.45
241.80
244.43
238.19
238.73
236.96
234.53
241.01
239.82
239.58
229.10
222.31
224.93
