30.198
28.161
28.337
30.459
28.387
27.801
27.719
29.075
29.40
29.64
30.945
30.322
30.001
29.586
29.411
30.121
29.29
27.604
28.178
27.247
27.40
27.817
27.999
26.575
26.942
25.903
25.067
24.15
23.374
23.372
22.324
22.772
21.944
22.84
24.486
24.638
25.242
23.948
24.319
24.728
25.108
26.705
25.824
23.949
24.267
26.495
26.511
24.507
23.642
23.39
22.387
23.748
24.157
24.385
23.477
24.22
23.714
22.936
21.352
21.514
23.014
22.658
22.10
21.33
22.973
24.496
24.766
26.453
26.734
26.524
25.634
28.15
27.692
28.219
28.656
27.69
27.286
26.712
27.36
25.931
24.407
24.208
23.119
21.917
21.504
22.203
21.258
21.783
22.198
21.482
20.183
19.515
19.902
18.788
18.415
19.782
18.547
19.533
19.602
20.334
18.844
18.675
16.95
17.595
16.63
16.175
17.706
17.264
18.177
16.938
17.124
16.694
16.898
16.154
16.975
17.851
18.811
18.672
18.32
19.592
18.72
18.786
18.926
18.648
18.048
16.974
15.647
15.836
16.527
15.601
15.88
16.566
16.36
16.225
17.126
16.869
15.982
15.542
15.159
14.523
14.964
15.13
15.858
15.838
15.152
15.082
15.164
15.372
15.762
16.101
16.992
17.807
18.05
17.319
17.024
16.533
17.79
17.984
18.163
18.441
18.526
18.893
19.215
18.989
17.793
17.086
18.097
17.942
18.709
19.032
18.879
18.335
18.773
17.849
17.034
17.181
17.222
17.913
16.26
15.801
15.468
15.094
13.937
13.647
13.465
13.714
13.99
14.387
14.505
13.131
13.128
12.929
13.198
13.382
13.176
13.261
12.561
12.516
12.228
12.413
12.736
12.22
12.139
12.512
13.167
13.209
13.13
12.076
11.67
11.586
11.50
11.96
11.227
11.888
11.967
12.051
12.194
12.466
12.599
13.261
12.896
13.176
13.834
13.497
13.543
13.219
13.421
14.156
14.301
14.602
13.776
15.75
16.327
16.295
16.666
15.91
15.677
15.409
15.317
16.038
16.519
16.27
15.827
15.639
16.923
17.135
16.876
16.61
15.987
16.12
17.169
17.001
17.535
18.072
17.674
16.952
16.571
16.254
16.085
16.501
15.339
15.206
14.121
14.036
14.603
14.614
14.315
14.749
14.265
14.859
