339.01
322.1366
319.5033
325.33
308.9733
310.8566
299.98
312.8433
336.29
355.6666
364.6466
362.8233
362.0633
356.78
352.26
399.9266
383.1966
362.7066
354.90
342.32
352.7066
354.80
368.74
343.8533
349.87
343.5033
331.8833
332.09
314.6333
310.00
306.1333
312.47
276.3666
282.1166
312.24
310.4166
301.8866
297.0466
307.7733
302.4466
307.3333
310.6666
301.5166
286.6666
291.92
307.4766
307.7966
292.1166
285.66
273.8433
254.68
266.9233
269.9566
290.1433
288.1233
293.2966
279.7633
279.43
268.1933
274.80
286.3233
279.4333
265.1166
255.4566
267.2966
280.0766
290.5333
301.7966
307.0533
331.3266
333.0366
337.9733
336.88
363.9466
366.5233
364.6633
359.20
361.53
381.8166
363.7533
348.5866
352.42
341.83
325.31
328.9833
340.79
328.3333
334.7633
342.7166
325.7333
336.26
335.0166
332.6733
292.14
293.8366
292.5033
290.2533
300.98
303.0833
317.54
291.0933
288.55
262.37
266.68
244.6666
242.6666
256.53
241.4566
253.87
236.6033
236.4733
221.30
224.9666
209.3866
219.60
235.91
253.21
252.7533
246.79
258.3333
234.5166
238.28
238.8866
241.8666
239.7066
232.23
215.7366
220.89
233.00
213.10
216.76
237.0366
236.0866
235.07
245.7066
244.92
232.6633
228.49
224.4733
227.2633
233.0666
231.7333
244.5433
250.7633
234.3433
233.07
237.04
238.3133
240.0666
240.5466
245.53
247.50
271.7066
272.2433
268.4333
258.86
274.82
280.90
297.15
297.2766
300.5866
307.3966
308.6333
288.17
290.4233
283.3333
294.3566
286.63
300.03
309.32
306.5633
303.9966
302.87
296.6666
289.9133
296.4533
297.0966
296.07
288.09
284.82
277.70
275.61
277.16
270.21
274.42
283.70
289.26
299.68
304.42
292.13
302.61
303.75
303.35
309.07
308.73
300.80
288.59
275.33
276.01
282.94
287.81
268.21
265.25
242.40
249.44
240.81
238.13
223.07
222.96
216.50
217.24
221.72
204.99
219.35
220.19
222.04
207.28
214.44
211.25
222.415
224.64
225.09
228.52
227.54
227.82
214.98
215.31
207.47
197.08
191.30
177.59
190.72
195.97
190.95
194.42
186.92
183.17
180.19
167.87
169.91
183.20
182.86
182.92
180.83
194.70
194.70
194.86
182.45
179.82
174.04
173.44
179.05
167.82
160.95
156.80
157.67
150.23
149.87
137.80
137.57
125.35
123.15
109.10
112.71
121.82
123.18
108.10
113.64
110.34
113.06
