234.30
234.00
234.00
234.51
234.61
234.50
234.45
234.35
234.11
234.25
234.31
234.35
234.54
234.52
234.80
234.76
234.60
234.75
234.70
235.01
235.03
235.11
235.17
234.95
235.02
234.98
234.95
235.10
235.19
235.23
235.27
235.30
235.54
235.80
235.94
235.80
235.40
235.82
236.03
236.34
236.40
236.61
236.60
236.59
236.92
236.76
236.60
236.44
236.31
236.16
236.35
236.89
236.42
236.45
236.82
236.673
236.45
236.59
236.44
236.355
236.36
236.70
236.535
236.25
236.24
235.50
235.225
234.3031
234.605
234.86
234.79
235.44
235.6901
235.6225
235.78
235.03
235.04
234.8401
234.70
234.75
234.87
234.685
234.54
234.475
234.864
234.84
234.94
235.05
235.04
235.018
235.1488
234.84
235.03
234.99
234.97
235.25
235.08
235.035
235.06
234.99
235.00
234.95
235.002
235.0685
234.995
235.13
235.33
235.455
235.395
235.745
235.735
235.588
235.6001
235.385
235.23
235.21
235.38
235.48
235.445
235.515
235.63
235.67
235.68
235.654
235.605
235.655
235.50
235.5276
235.455
235.55
235.53
235.54
235.48
235.14
235.23
235.3301
235.196
235.335
235.25
235.11
235.0699
234.925
234.945
235.0625
234.99
235.02
235.03
235.03
235.00
234.875
235.00
234.96
235.025
