417.65
417.91
417.94
418.07
418.05
418.2
418.19
418.2
418.2
418.3
418.3
418.0
418.23
418.02
418.02
418.24
418.06
417.55
417.58
417.55
417.84
417.92
417.9
417.89
417.89
417.81
417.84
418.01
418.0
418.09
417.75
417.89
417.88
417.66
417.7
417.88
418.09
418.0
418.23
418.23
418.22
417.92
418.2
418.18
417.91
418.0
418.01
418.06
417.9
417.8
417.8
417.8
417.8
417.87
417.87
417.87
417.73
417.6
417.56
417.77
417.51
417.5
417.46
417.73
417.41
417.4
417.35
417.26
417.21
417.04
417.4
417.4
417.56
417.4
417.4
417.4
417.44
417.41
417.15
417.5
417.43
417.05
417.02
417.04
417.1
417.02
416.88
416.86
416.86
416.99
416.86
417.0
417.18
417.16
417.01
417.01
417.03
417.2
417.23
417.22
417.22
417.24
417.25
417.29
417.2
417.32
417.33
417.2
417.2
417.12
417.12
417.24
417.33
417.26
417.24
416.92
417.12
416.96
416.85
416.85
417.22
417.21
417.15
417.19
417.23
417.21
417.21
417.21
417.25
417.23
417.19
417.21
417.2
417.19
417.25
417.25
417.28
417.28
417.28
417.29
417.35
417.38
417.21
417.15
417.19
417.2
417.15
417.15
417.25
417.17
417.19
417.25
417.25
417.25
417.25
417.23
417.2
417.19
417.17
417.1
417.02
417.401
417.2
416.72
417.13
417.2
416.72
417.05
417.2
417.13
417.135
417.25
417.24
417.05
417.0
417.075
417.125
417.14
417.125
417.11
417.09
417.09
417.09
417.045
417.03
416.9
416.91
416.91
416.85
416.81
416.84
416.85
416.89
417.015
417.18
417.0142
417.0
416.93
417.09
417.065
417.1
417.0487
416.985
416.93
417.01
417.01
417.05
417.1
417.22
417.22
417.045
417.11
417.0
417.105
417.1
417.025
417.13
417.06
417.0
417.081
417.08
416.96
416.9
416.95
417.0
416.97
417.08
417.06
416.95
416.87
416.9
416.77
416.8
416.99
417.0
417.07
416.93
416.99
417.0
417.1
416.945
417.1
417.0
416.73
416.52
416.55
416.6
415.84
416.13
417.63
418.42
417.225
417.46
418.155
418.2529
418.14
417.47
417.4589
417.565
418.105
418.51
418.18
418.65
419.35
419.1
419.26
419.1968
419.1775
418.56
418.145
417.71
417.37
417.66
417.3875
417.55
417.7
417.72
418.14
417.97
417.7185
417.637
417.365
417.64
417.315
417.001
417.02
417.12
417.47
417.48
417.9499
417.445
417.72
417.69
417.8
417.78
417.43
417.37