138.24
138.25
138.45
138.48
138.63
138.40
138.43
138.42
138.34
138.48
138.49
138.44
138.52
138.51
138.54
138.61
138.54
138.60
138.60
138.46
138.48
138.44
138.35
138.17
138.24
138.28
138.08
138.23
138.16
138.25
138.36
138.41
138.42
138.38
138.38
138.30
138.08
138.20
137.89
138.19
138.28
138.38
138.38
138.48
138.43
138.26
138.39
138.23
138.24
138.12
138.16
138.29
138.17
138.43
138.52
138.61
138.625
138.65
138.70
138.61
138.70
138.63
138.76
138.80
138.73
138.25
138.145
138.335
138.118
138.0008
137.6684
138.065
138.00
138.3513
138.335
138.015
138.01
138.22
138.2506
138.14
138.00
138.155
137.954
137.5192
137.7099
137.7001
137.68
137.87
137.9605
137.9845
137.9799
137.8998
137.9908
137.965
137.895
137.8601
137.796
137.7302
137.80
137.525
137.43
137.62
137.6101
137.7301
137.70
137.915
138.155
138.274
138.3701
138.43
138.58
138.23
138.4201
138.3502
138.2833
138.2744
138.275
138.4038
138.3807
138.27
138.285
138.28
138.2693
138.324
138.3247
138.27
138.26
138.2193
138.1475
138.1294
138.1639
138.085
138.005
138.0499
138.1621
138.115
138.165
138.1199
138.1392
137.98
138.055
138.0667
137.9906
138.015
137.97
138.00
138.005
137.975
137.98
137.99
138.01
137.99
138.00
