221.20
221.20
221.55
221.56
221.40
221.46
221.50
221.50
221.35
221.44
221.40
221.37
221.37
221.30
221.33
221.48
221.40
221.32
221.70
220.17
220.29
220.15
220.00
219.59
219.45
219.11
219.09
218.90
219.00
219.42
219.62
219.58
219.55
219.67
219.68
219.61
219.95
219.83
219.55
219.70
219.66
219.69
219.68
219.69
219.78
219.74
219.91
220.00
220.00
219.82
219.88
219.87
219.80
219.7972
219.82
219.76
219.8197
219.93
219.92
219.82
219.83
219.86
220.19
220.45
220.24
220.10
221.32
220.51
220.91
220.1801
220.635
221.11
221.113
220.775
220.72
220.415
220.305
220.0857
220.255
220.73
221.52
221.54
222.01
221.2973
221.9501
221.80
221.371285
221.32
221.48
221.805
221.8865
221.40
221.52
221.0743
220.9201
220.8598
220.75
221.01
220.7277
220.7958
221.01
221.2699
221.47
221.295
221.25
221.2095
221.37
221.405
221.10
220.8803
221.42
221.335
221.455
221.2347
220.975
221.20
221.1501
221.26
221.37
221.28
221.2738
221.42
221.50
221.35
221.245
221.28
221.29
221.39
221.6169
221.82
221.8648
222.0627
221.88
221.69
221.4627
221.4094
221.375
221.3194
221.3347
221.27
221.038
220.952
220.84
220.71
220.62
220.60
220.42
220.40
220.45
220.47
220.42
220.34
220.44
