0.2921
0.2969
0.3053
0.3026
0.3082
0.3105
0.3087
0.2955
0.303
0.2856
0.2738
0.2846
0.2804
0.2888
0.2988
0.2842
0.2888
0.279
0.2714
0.2804
0.2898
0.2898
0.2823
0.2785
0.2624
0.2545
0.2611
0.2578
0.2521
0.2502
0.2592
0.2573
0.2455
0.2427
0.2502
0.2568
0.2676
0.2568
0.2676
0.2526
0.2643
0.2488
0.254
0.2549
0.2507
0.2667
0.2705
0.271
0.2719
0.2794
0.2865
0.2799
0.278
0.2771
0.2733
0.2611
0.2679
0.2695
0.2672
0.2554
0.2568
0.2592
0.2743
0.2955
0.3087
0.3449
0.3322
0.3242
0.3468
0.3736
0.3506
0.3543
0.3355
0.3459
0.3412
0.3374
0.3506
0.3482
0.3346
0.3346
0.3412
0.3407
0.3204
0.3313
0.3162
0.3129
0.3322
0.328
0.3322
0.3378
0.351
0.3577
0.3629
0.369
0.3595
0.3652
0.3629
0.3501
0.3426
0.3473
0.3614
0.3497
0.3553
0.3506
0.3421
0.3294
0.319
0.3181
0.3209
0.3421
0.3491
0.3416
0.3491
0.3572
0.3761
0.4109
0.4194
0.4109
0.4048
0.4217
0.4015
0.4
0.4104
0.3987
0.4076
0.3949
0.4019
0.3841
0.4048
0.41
0.4062
0.4199
0.4203
0.4165
0.4057
0.4128
0.4081
0.4104
0.4175
0.45
0.4524
0.4528
0.4561
0.4547
0.4533
0.4429
0.4462
0.458
0.4552
0.4628
0.4684
0.4882
0.4679
0.4919
0.5173
0.532
0.5541
0.5758
0.5617
0.5697
0.5838
0.5654
0.5866
0.5682
0.5791
0.5801
0.5961
0.5221
0.5301
0.4773
0.4896
0.4622
0.4496
0.4453
0.4773
0.4653
0.4867
0.5122
0.5066
0.5004
0.4943
0.5028
0.5103
0.4827
0.5518
0.5621
0.5523
0.5164
0.5664
0.5739
0.5575
0.5617
0.5659
0.5758
0.5871
0.604
0.5852
0.605
0.6145
0.6304
0.6658
0.7266
0.6757
0.6894
0.6955
0.6832
0.6743
0.6875
0.6804
0.6757
0.6969
0.6832
0.6997
0.7139
0.7167
0.7129
0.7379
0.777
0.8308
0.867
0.8746
0.8882
0.8298
0.7935
0.7765
0.7464
0.7153
0.7313
0.7412
0.7539
0.7388
0.7728
0.7535
0.7803
0.7487
0.7403
0.7591
0.7563
0.7751
0.8439
0.7728
0.7841
0.7162
0.7502
0.737
0.6993
0.6573
0.7294
0.7572
0.7836
0.8034
0.8557
0.8392
0.801
0.8463
0.8308
0.8293
0.7661
0.7822
0.7558
0.745
0.7789
0.8142
0.8599
0.866
0.8491
0.8557
0.8199
0.8731
0.8972
0.8604
0.866
0.8387
0.858
0.8764
0.8685
0.8321
0.8538
0.8642
0.9824
0.9198
0.965
0.9476
0.9264
0.9198
0.9217
0.9481
0.9146
0.8614
0.8764
0.9165
0.9424
0.9273
1.0173
1.0871
1.0654
1.0456
1.0522
1.0489
1.0249
0.9481
1.0239
1.0051
0.9598
0.983
0.9438
0.9933
0.9424
0.9005
0.8237
0.858
0.8434
0.9339
0.9565
0.9132
0.8962
0.9085
0.9674
0.9146
0.9556
0.9353
0.9372
0.8887
0.8675
0.8345
0.8528
0.8302
0.7949
0.7487
0.7751
0.8114
0.7615
0.7968
0.7643
0.7596
0.7087
0.6781
0.6469
0.6611
0.658
0.6512
0.6601
0.6333
0.6719
0.6978
0.6884
0.7002
0.728
0.7148
0.7219
0.6875
0.7125
0.6819
0.6964
0.6875
0.7284
0.7634
0.8388
0.8105
0.7794
0.8162
0.7803
0.8209
0.7728
0.7898
0.8038
0.7785
0.7812
0.8209
0.8614
0.8586
0.8878
0.8519
0.8699
0.8792
0.8632
0.7945
0.8313
0.8076
0.7342
0.7548
0.7548
0.7841
0.7284
0.7661
0.7435
0.7125
0.7238
0.7144
0.7229
0.7049
0.7162
0.7171
0.7191
0.7096
0.704
0.7313
0.7756
0.7539
0.7615
0.7794
0.8189
0.8461
0.8566
0.8755
0.8925
0.8972
0.9189
0.9566
0.9415
0.8812
0.9349
0.8878
0.8812
0.8708
0.8746
0.8574
0.8328
0.9147
0.9038
0.9205
0.8548
0.7869
0.8067
0.7756
0.7379
0.8067
0.3883
0.3657
0.3364
0.3562
0.3326
0.3346
0.328
0.3147
0.2958
0.3016
0.3326
0.3242
0.3034
0.3034
0.2856
0.294
0.3072
0.2845
0.279
0.279
0.2799
0.2912
0.2949
0.3091
0.3364
0.3355
0.3233
0.3213
0.3025
0.3044
0.2874
0.2921
0.3053
0.2996
0.2865
0.279
0.2856
0.2836
0.279
0.2912
0.2818
0.2719
0.2648
0.2488
0.2572
0.2517
0.2563
0.2158
0.2158
0.2271
0.229
0.2319
0.2262
0.2177
0.212
0.2149
0.2111
0.2168
0.212
0.2262
0.2215
0.2233
0.2233
0.2244
0.2244
0.2468
0.2572
0.2468
0.2497
0.2592
0.2497
0.2714
0.2592
0.2581
0.2535
0.2818
0.294
0.2903
0.3091
0.3091
0.3007
0.2949
0.3271
0.328
0.326
0.3185
0.3109
0.3044
0.3185
0.3129
0.3129
0.2883
0.2969
0.2883
0.294
0.3025
0.2865
0.2761
0.2845
0.2836
0.2836
0.294
0.2921
0.2752
0.2827
0.2903
0.3072
0.3242
0.3204
0.3138
0.3053
0.2808
0.2949
0.3082
0.2969
0.2958
0.31
0.2969
0.3034
0.326
0.3468
0.3284
0.3448
0.3343
0.3397
0.3328
0.3255
0.3052
0.294
0.3147
0.3105
0.3097
0.3323
0.3287
0.3381
0.3233
0.3076
0.3436
0.3878
0.3776
0.3657
0.3623
0.3727
0.3723
0.3951
0.3844
0.391
0.4009
0.3764
0.3883
0.3764
0.3705
0.3616
0.3468
0.3445
0.3512
0.3495
0.3634
0.3551
0.3548
0.3553
0.3543
0.3503
0.3498
0.3432
0.3237
0.2983
0.3008
0.315
0.3115
0.3157
0.3126
0.3266
0.3215
0.3022
0.3062
0.3087
0.2998
0.3082
0.3065
0.3044
0.3268
0.3391
0.3356
0.3617
0.3581
0.3519
0.3549
0.3506
0.3604
0.3595
0.3497
0.3322
0.3423
0.3188
0.3399
0.3673
0.3747
0.3613
0.3785
0.3135
0.301
0.3013
0.2946
0.2878
0.2785
0.2803
0.2859
0.2854
0.2833
0.2874
0.2989
0.294
0.2885
0.2903
0.285
0.2872
0.2868
0.2878
0.2824
0.278
0.2812
0.2725
0.2732
0.2702
0.2746
0.2685
0.28
0.2853
0.2774
0.2689
0.2689
0.2797
0.2752
0.2797
0.2672
0.2606
0.2619
0.2562
0.2455
0.2566
0.2364
0.2372
0.248
0.2343
0.2284
0.2339
0.2339
0.2343
0.2269
0.2259
0.2394
0.2434
0.2443
0.2413
0.2536
0.2675
0.2716
0.2713
0.2716
0.2562
0.2714
0.2759
0.2868
0.2735
0.2857
0.2894
0.2815
0.2658
0.2654
0.2648
0.2803
0.28
0.2875
0.2951
0.2954
0.2821
0.2821
0.2827
0.2921
0.2957
0.2933
0.286
0.3016
0.2945
0.2967
0.2992
0.3222
0.3166
0.3096
0.3079
0.3212
0.3174
0.3378
0.3583
0.3435
0.3399
0.3399
0.3284
0.324
0.3166
0.3075
0.3109
0.3168
0.326
0.3117
0.3166
0.3221
0.324
0.3328
0.3382
0.3302
0.3513
0.3556
0.3572
0.3453
0.3409
0.3265
0.3201
0.3174
0.3189
0.3272
0.3133
0.339
0.3343
0.329
0.3471
0.35
0.3506
0.3509
0.3479
0.3632
0.3727
0.3681
0.3822
0.3837
0.372
0.3664
0.3623
0.3767
0.3726
0.3771
0.3709
0.3604
0.3411
0.3488
0.3242
0.3429
0.359
0.3569
0.3311
0.3272
0.3536
0.3663
0.3548
0.3629
0.3676
0.3718
0.3779
0.3727
0.3693
0.3684
0.3762
0.373
0.3747
0.3758
0.366
0.3632
0.3521
0.3537
0.3539
0.3569
0.3688
0.3629
0.3581
0.3755
0.373
0.3703
0.3634
0.3718
0.3749
0.3779
0.377
0.3881
0.3937
0.3831
0.3767
0.3699
0.3657
0.3584
0.3637
0.347
0.3613
0.366
0.3616
0.3572
0.3545
0.3415
0.3388
0.3675
0.3648
0.3516
0.361
0.3862
0.3812
0.3801
0.3771
0.373
0.3537
0.3667
0.3797
0.3641
0.3616
0.3616
0.3649
0.3513
0.3454
0.3435
0.3426
0.3341
0.3227
0.3239
0.3085
0.3029
0.2946
0.3031
0.3097
0.3038
0.2581
0.258
0.2541
0.2604
0.2584
0.2495
0.2572
0.2672
0.2572
0.2554
0.2646
0.2826
0.2716
0.2643
0.2612
0.2759
0.2639
0.2749
0.2693
0.2357
0.226
0.2256
0.225
0.2182
0.2292
0.2165
0.2162
0.2265
0.2327
0.2301
0.2232
0.2179
0.2109
0.2223
0.2266
0.2307
0.2262
0.226
0.22
0.2287
0.2354
0.2384
0.241
0.2399
0.2431
0.2408
0.2372
0.2342
0.2239
0.2217
0.2217
0.2224
0.2119
0.2183
0.2138
0.2168
0.2167
0.2161
0.2155
0.2132
0.2137
0.2186
0.2232
0.2265
0.2198
0.2242
0.2239
0.2207
0.2251
0.2217
0.222
0.2186
0.2188
0.2137
0.2156
0.2116
0.2076
0.2064
0.2051
0.2129
0.2188
0.2227
0.2286
0.2195
0.2128
0.2162
0.2195
0.2217
0.2244
0.2215
0.2325
0.2354
0.2328
0.241
0.2423
0.2467
0.2547
0.2548
0.2597
0.2413
0.2388
0.2286
0.2358
0.2351
0.2458
0.2405
0.236
0.2302
0.2342
0.2465
0.2414
0.2408
0.2324
0.237
0.2337
0.2289
0.2286
0.2257
0.2206
0.2254
0.2224
0.2304
0.2336
0.229
0.223
0.2239
0.2274
0.2197
0.2141
0.2132
0.2185
0.2165
0.2171
0.212
0.2122
0.2161
0.2232
0.2247
0.2247
0.2239
0.2194
0.2214
0.222
0.2206
0.2203
0.2176
0.2204
0.2126
0.2114
0.2093
0.2137
0.2081
0.2131
0.2147
0.2198
0.2159
0.2165
0.2211
0.2201
0.2179
0.2176
0.2134
0.2164
0.2164
0.217
0.2192
0.2212
0.2302
0.2239
0.2227
0.2262
0.2223
0.2265
0.2186
0.2241
0.2263
0.2209
0.2195
0.2204
0.2195
0.2191
0.2167
0.2146
0.2144
0.222
0.2229
0.2263
0.2262
0.2254
0.2248
0.2262
0.2167
0.2194
0.2173
0.2185
0.2197
0.2132
0.2135
0.2201
0.218
0.2173
0.2185
0.2179
0.214
0.2167
0.199
0.2048
0.2019
0.1996
0.1978
0.1981
0.2037
0.2048
0.2027
0.2013
0.209
0.212
0.2144
0.2165
0.2179
0.2426
0.2639
0.2661
0.2714
0.2759
0.2799
0.2815
0.2797
0.2824
0.2835
0.2729
0.2682
0.2692
0.275
0.2762
0.2847
0.2756
0.2729
0.2707
0.2631
0.261
0.2654
0.266
0.2586
0.2532
0.259
0.2631
0.2679
0.2627
0.2755
0.2743
0.2883
0.2886
0.2895
0.2874
0.2832
0.2878
0.2909
0.2824
0.2874
0.2878
0.2906
0.2885
0.2996
0.3076
0.2999
0.2952
0.2993
0.3001
0.2957
0.2996
0.3151
0.3145
0.3108
0.3136
0.3135
0.3093
0.3248
0.3165
0.3124
0.3058
0.3179
0.3126
0.3198
0.3073
0.296
0.3005
0.2961
0.2964
0.297
0.3043
0.3011
0.2972
0.3067
0.3064
0.3168
0.3269
0.3148
0.3145
0.3174
0.3239
0.3346
0.3409
0.3445
0.3461
0.3442
0.3393
0.3429
0.3373
0.3344
0.3402
0.3483
0.3349
0.3372
0.3335
0.345
0.3405
0.3329
0.3382
0.3215
0.3081
0.312
0.3212
0.3124
0.3135
0.3102
0.3271
0.3361
0.3501
0.3477
0.3536
0.3571
0.3672
0.3702
0.3742
0.3506
0.343
0.3501
0.3495
0.3432
0.3467
0.3408
0.3408
0.3577
0.3572
0.3482
0.3451
0.3491
0.3454
0.3473
0.3486
0.3393
0.3302
0.3248
0.3367
0.3381
0.3236
0.3186
0.3078
0.3079
0.3072
0.3058
0.3189
0.3118
0.3124
0.3153
0.3274
0.3248
0.3171
0.3189
0.3144
0.3174
0.3084
0.3073
0.3198
0.315
0.3041
0.3034
0.2998
0.3022
0.297
0.2993
0.2987
0.3078
0.3133
0.3189
0.3209
0.3222
0.3209
0.3343
0.3331
0.3406
0.3522
0.3468
0.3578
0.3637
0.3649
0.3445
0.3426
0.3427
0.3409
0.3344
0.3402
0.347
0.3479
0.3396
0.342
0.3402
0.3366
0.3356
0.3286
0.3381
0.3424
0.3418
0.3465
0.3589
0.3578
0.3468
0.3492
0.3507
0.3388
0.3378
0.3346
0.3372
0.3439
0.3474
0.3607
0.3622
0.359
0.3607
0.3794
0.4032
0.392
0.4086
0.4174
0.4094
0.4156
0.3988
0.3893
0.3949
0.3871
0.3899
0.3899
0.3813
0.3845
0.4052
0.4077
0.4208
0.421
0.4077
0.4088
0.4147
0.427
0.4196
0.4118
0.4151
0.4228
0.4061
0.4017
0.4418
0.44
0.4275
0.4181
0.4181
0.4189
0.4177
0.4091
0.4062
0.3988
0.4037
0.3887
0.3931
0.3942
0.4018
0.4008
0.4021
0.3963
0.4092
0.4116
0.41
0.408
0.4017
0.408
0.3991
0.4027
0.4088
0.4122
0.4284
0.4299
0.4248
0.4231
0.4231
0.4361
0.4282
0.434
0.4495
0.4576
0.4554
0.4635
0.4542
0.4628
0.4937
0.4947
0.4962
0.4875
0.4976
0.5081
0.5003
0.5081
0.4899
0.4901
0.4907
0.487
0.4686
0.4667
0.4582
0.4545
0.4528
0.4394
0.4406
0.446
0.4965
0.4855
0.4821
0.4855
0.4768
0.4777
0.4629
0.4714
0.489
0.4866
0.4922
0.4876
0.4762
0.4718
0.4793
0.4733
0.449
0.4569
0.4753
0.4676
0.4579
0.465
0.4641
0.4655
0.4786
0.4631
0.4644
0.4686
0.4818
0.4983
0.5226
0.5179
0.5145
0.5201
0.5407
0.5377
0.5312
0.5392
0.5481
0.5383
0.5409
0.5366
0.5351
0.5308
0.5481
0.56
0.5686
0.5731
0.5567
0.562
0.5623
0.5659
0.5736
0.5832
0.5843
0.5831
0.5849
0.5936
0.6128
0.5974
0.589
0.5819
0.5774
0.5994
0.6782
0.6861
0.72
0.715
0.7158
0.7229
0.7149
0.717
0.7233
0.7585
0.7869
0.7901
0.7909
0.8067
0.834
0.821
0.8251
0.82
0.815
0.8256
0.8338
0.8369
0.8329
0.8283
0.8278
0.8352
0.8319
0.9251
0.9239
0.9658
0.9733
1.032
1.011
1.0222
0.9833
0.9451
0.9919
0.9483
0.9542
0.9649
0.9824
0.9787
0.9845
0.984
1.0042
0.98
0.9457
0.9604
0.9613
0.9652
0.9524
0.9677
0.9717
0.9771
0.9711
0.9543
0.9641
0.9726
0.9733
1.0442
1.0398
0.9735
0.987
1.0525
1.0585
1.0653
1.0537
1.0624
1.0629
1.067
1.0864
1.0894
1.0953
1.1155
1.1595
1.169
1.2007
1.1733
1.1888
1.1903
1.2199
1.1873
1.1816
1.2245
1.2761
1.3331
1.359
1.324
1.309
1.286
1.3304
1.3409
1.3418
1.3528
1.342
1.3306
1.2603
1.291
1.2892
1.2223
1.1867
1.2012
1.2144
1.2159
1.2352
1.2419
1.2741
1.2955
1.3179
1.2916
1.2832
1.2817
1.2826
1.2591
1.2907
1.2566
1.2331
1.2392
1.2633
1.2765
1.3136
1.3191
1.2642
1.2865
1.2376
1.1237
1.0661
1.0742
1.1185
1.0709
1.12
1.0706
1.1152
1.0914
1.0841
1.0718
1.0875
1.0986
1.092
1.1203
1.1062
1.1231
1.1149
1.0983
1.0739
1.0293
1.0486
1.0721
1.0664
1.0808
1.1324
1.1324
1.199
1.1972
1.1996
1.2286
1.2232
1.199
1.2153
1.2075
1.1532
1.1436
1.1019
1.1134
1.1354
1.0799
1.0826
1.0857
1.1197
1.1454
1.1553
1.1342
1.1417
1.1626
1.1728
1.1387
1.1188
1.1252
1.0968
1.1101
1.1007
1.1454
1.1276
1.1348
1.1535
1.149
1.1532
1.1565
1.2289
1.253
1.2512
1.3025
1.3158
1.3055
1.3269
1.3212
1.3158
1.3266
1.3209
1.2862
1.2892
1.3025
1.3034
1.288
1.2965
1.2862
1.3215
1.3082
1.3269
1.3902
1.4379
1.3948
1.4219
1.3963
1.3821
1.3833
1.3794
1.3803
1.389
1.3794
1.3824
1.4044
1.4141
1.3951
1.3939
1.4717
1.468
1.5012
1.5474
1.5501
1.5326
1.4961
1.5039
1.5443
1.5875
1.6041
1.5715
1.5652
1.6044
1.6237
1.6116
1.5404
1.5784
1.6167
1.6418
1.6209
1.5917
1.5591
1.5471
1.519
1.5558
1.4852
1.6206
1.6285
1.6116
1.5745
1.6568
1.693
1.6785
1.7126
1.6918
1.7199
1.671
1.6427
1.7367
1.734
1.8079
1.8652
1.8441
1.8164
1.8064
1.8127
1.845
1.8559
1.8532
1.8782
1.9587
1.9457
1.9469
1.959
2.0061
2.0238
2.0911
2.1007
2.0537
2.0453
2.1593
2.1903
2.1659
2.2331
2.2301
2.234
2.2416
2.2591
2.2612
2.1716
2.1767
2.1445
2.1526
2.1746
2.2165
2.2322
2.212
2.2386
2.2187
2.1547
2.168
2.2542
2.2609
2.2431
2.301
2.2934
2.4385
2.5302
2.542
2.5811
2.5546
2.4877
2.3835
2.2946
2.3423
2.2931
2.2377
2.1813
2.1722
2.2618
2.2772
2.2744
2.1743
2.1667
2.0296
2.0386
2.0751
1.9587
2.0299
1.9515
2.04
2.0875
2.1282
2.1197
2.0833
2.1508
2.1638
2.155
2.1409
2.0655
2.0839
2.0992
2.0422
1.9747
1.9997
1.9801
1.9279
1.9056
1.9807
2.0302
1.9973
1.9394
1.95
1.9298
1.864
1.8598
1.8143
1.8082
1.7946
1.7705
1.8797
1.8924
1.8915
1.8893
1.8447
2.0269
2.1484
2.1047
2.0709
2.0504
2.0118
2.0045
1.9545
1.997
1.9798
2.0395
2.0217
1.9828
1.9955
2.0552
2.0917
2.1228
2.0989
2.1599
2.1454
2.1451
2.168
2.168
2.1421
2.1291
2.0552
2.0416
2.0443
1.9596
1.9681
1.9053
1.9454
1.9114
1.9044
1.9102
1.94
1.9165
1.8462
1.8025
1.8749
1.8595
1.8094
1.8011
1.7662
1.8323
1.795
1.719
1.7591
1.7374
1.7907
1.7358
1.725
1.7331
1.7449
1.7968
1.7741
1.779
1.7319
1.6894
1.7784
1.7271
1.7476
1.719
1.6819
1.6707
1.6586
1.6782
1.5971
1.5757
1.5281
1.5793
1.5953
1.6315
1.8245
1.8311
1.8522
1.8676
1.9261
1.912
1.978
2.0495
2.026
2.0555
2.0986
2.0597
2.0269
1.9536
1.9177
1.9322
1.9195
1.9282
2.0039
2.0501
2.0383
2.048
2.0073
2.0392
2.0299
2.045
2.0733
2.0199
2.0048
2.0193
2.0462
2.0621
2.1556
2.1119
2.1954
2.187
2.1864
2.1903
2.2377
2.2368
2.2346
2.2283
2.2247
2.2696
2.2512
2.2015
2.2844
2.3405
2.3043
2.3224
2.3215
2.2576
2.2337
2.2732
2.2567
2.2383
2.2506
2.2259
2.2084
2.2696
2.2624
2.2738
2.2404
2.2476
2.3821
2.4111
2.4566
2.4442
2.4632
2.4786
2.4249
2.4252
2.4451
2.3872
2.3818
2.361
2.4038
2.4279
2.4865
2.5133
2.5067
2.5438
2.5634
2.5347
2.5817
2.589
2.6077
2.6719
2.7235
2.7633
2.7003
2.7687
2.7684
2.7642
2.7539
2.7479
2.7524
2.709
2.6249
2.6617
2.6764
2.5977
2.6855
2.6704
2.6454
2.5775
2.6029
2.5561
2.5
2.4789
2.4581
2.4584
2.4388
2.5585
2.5272
2.5833
2.5649
2.5775
2.7916
2.9252
2.889
2.8535
2.9283
2.8634
2.6861
2.6689
2.6173
2.5845
2.6146
2.601
2.5748
2.5917
2.5799
2.5854
2.5555
2.5558
2.5314
2.5377
2.598
2.5989
2.5112
2.5597
2.5543
2.5724
2.5697
2.5582
2.5905
2.69
2.6994
2.6861
2.6734
2.5311
2.5516
2.6255
2.5757
2.6032
2.6596
2.6454
2.6538
2.6529
2.7102
2.6659
2.7141
2.7012
2.7018
2.7482
2.7588
2.8308
2.8336
2.8203
2.8906
2.8788
2.8118
2.8272
2.8019
2.8242
2.8498
2.8429
2.8553
2.8242
2.8423
2.7922
2.7802
2.7214
2.7573
2.7247
2.7262
2.7223
2.7434
2.82
2.8118
2.8754
2.9807
3.0133
3.0097
2.9997
3.0275
3.0278
3.0401
3.1339
3.1683
3.2232
3.2371
3.2793
3.298
3.2425
3.2371
3.3004
3.3179
3.377
3.424
3.4044
3.3381
3.4264
3.4485
3.5818
3.6548
3.5706
3.659
3.6994
3.7286
3.7416
3.7543
3.6246
3.6303
3.5435
3.5812
3.6339
3.7724
3.7292
3.6656
3.7365
3.7093
3.6894
3.6083
3.6758
3.6357
3.6804
3.6568
3.8351
4.0034
3.9898
3.9304
3.9913
3.9925
4.0432
4.1535
4.1647
4.1891
4.1653
4.222
4.3351
4.3336
4.0679
4.1394
4.4029
4.3381
4.2651
3.9735
4.0712
4.1161
3.9762
4.0787
4.0721
4.0414
3.8116
3.7696
3.8538
3.7404
3.6158
3.5299
3.681
3.6858
3.8471
3.9961
3.9527
4.0803
3.9883
3.8245
4.0435
4.1089
4.1762
4.3474
4.1243
4.0715
3.9738
4.1228
4.086
4.127
4.1376
4.1861
4.174
4.2497
4.2452
4.2313
4.3471
4.4717
4.6195
4.6071
4.6593
4.6282
4.7147
4.7784
4.7624
4.7117
4.8689
5.0637
5.0622
5.0299
4.8924
5.0439
5.0356
5.114
5.2096
5.2323
5.1394
5.2582
5.614
5.6071
5.5121
5.57
5.5818
5.6394
5.7283
5.6526
5.6656
5.6146
5.7838
5.6183
5.2916
4.9871
4.637
5.1255
5.0094
4.9548
5.0178
4.9443
5.092
5.0803
5.1731
5.2034
5.2718
5.4349
5.5577
5.4952
5.3939
5.4225
5.5941
5.7284
5.8595
5.8568
5.6858
5.7558
5.785
5.7416
5.561
5.5181
5.5224
5.6457
5.8478
5.9952
5.9998
5.9883
6.0263
5.9735
5.8758
5.8785
5.4298
5.3571
5.1644
5.4102
5.3686
5.2078
5.3915
5.0978
4.8143
4.852
4.8661
4.6937
4.194
4.0893
3.9207
3.9207
3.9669
3.9862
4.0821
4.0335
3.9702
3.9011
3.6792
3.6562
3.7841
3.9038
3.7654
3.9023
3.8438
3.7585
3.6846
3.7341
3.6653
3.6026
3.611
3.5932
3.7081
3.9177
3.7702
3.671
3.7582
3.7543
3.6469
3.6867
3.6095
3.8405
3.8007
3.8583
3.8182
3.8218
4.0055
3.9105
4.019
4.2078
4.2515
4.3746
4.2295
4.3128
4.3275
4.5094
4.4479
4.5721
4.6164
4.7012
4.6092
4.567
4.6608
4.4373
4.4566
4.4747
4.6351
4.659
4.8565
5.0712
4.8312
4.9123
5.0947
5.1186
5.1943
5.279
5.2458
5.4283
5.4566
5.5709
5.6291
5.5064
5.5809
5.5323
5.6744
5.7286
5.6171
5.7217
5.6581
5.5368
5.6062
5.3737
5.3393
5.4636
5.6222
5.6397
5.63
5.6922
5.6122
5.5902
5.5848
5.7127
5.5984
5.4768
5.5984
5.4527
5.225
5.1982
5.333
5.4714
5.3906
5.4554
5.2856
5.222
5.2247
5.3496
5.0742
5.1294
5.0495
5.2678
5.0718
5.1303
5.2823
5.4147
5.2549
5.3266
5.2045
5.2437
5.1159
5.2114
5.1813
4.9804
5.0148
4.8861
5.0139
4.7959
4.8891
4.6563
4.7371
4.8215
4.7935
4.7244
4.621
4.8444
4.9515
4.9328
5.1131
5.2341
5.3297
5.4072
5.4078
5.2998
5.2893
5.2332
5.3028
5.2561
5.3315
5.2036
5.2365
5.2675
5.2395
5.1125
5.0118
5.035
4.8619
4.8306
4.7624
4.5742
4.5721
4.6035
4.4916
4.2329
4.2184
3.855
4.0438
4.2494
3.9521
3.8251
3.8815
3.9786
3.8673
3.1743
3.4277
3.2907
3.0187
2.9273
2.9596
2.6888
2.7078
2.6761
2.9192
3.3251
3.1388
2.9539
3.0727
2.9373
2.9687
2.7591
2.9213
2.9623
2.9065
2.7772
3.013
3.1529
3.3486
3.2446
3.2256
3.3471
3.1152
2.9886
2.9626
2.8915
2.858
2.7178
2.9084
2.7214
2.658
2.7114
2.6023
2.4273
2.4904
2.8031
2.7383
2.8649
2.7947
2.6819
2.7886
2.8921
2.7567
2.8348
3.0073
3.0175
2.9617
2.8649
2.9635
2.8574
2.8779
2.6888
2.6969
2.7141
2.5857
2.605
2.5646
2.5878
2.6119
2.6023
2.5739
2.7368
2.8523
2.8052
2.7446
2.7956
2.7316
2.6737
2.6451
2.5733
2.5145
2.4828
2.3583
2.4979
2.6647
2.6647
2.7033
2.7362
2.8408
2.8046
2.7181
2.7597
2.804
2.8212
2.909
3.0073
3.0914
2.9503
2.9198
2.9937
2.9904
2.8508
2.8459
2.7334
2.7503
2.6222
2.7217
2.7491
2.6897
2.6933
2.652
2.665
2.7494
2.6792
2.5724
2.5064
2.6727
2.795
2.9056
2.893
2.8776
3.0055
3.0615
3.0646
3.0637
3.2467
3.2217
3.2114
3.3134
3.2223
3.1511
3.1701
3.2778
3.399
3.4979
3.5721
3.4681
3.5079
3.6059
3.6255
3.5679
3.5477
3.6626
3.722
3.6339
3.6719
3.6644
3.7817
3.7365
3.7615
3.7365
3.7739
3.7947
3.8372
3.9828
4.0021
3.9958
3.8921
3.896
3.9075
3.7521
3.6035
3.7078
3.6918
3.8194
3.8435
3.7959
3.7449
3.6942
3.9439
4.0124
4.0733
4.0956
4.2024
4.2066
4.2506
4.3348
4.3628
4.3381
4.304
4.2295
4.2205
4.1306
4.1041
4.1119
4.0887
4.0977
4.2063
4.1427
4.0414
4.108
4.2178
4.2956
4.2814
4.2953
4.3073
4.2226
4.1801
4.0833
4.1382
4.1122
4.1774
4.2926
4.2905
4.4295
4.4488
4.5763
4.6113
4.5691
4.7268
4.7594
4.8247
4.8282
4.8251
4.826
4.9093
4.9274
5.019
4.9925
4.9792
4.943
4.9913
4.9675
4.9105
4.9853
5.0791
5.0296
4.8128
4.9458
4.9639
5.016
5.1032
5.0984
5.1086
5.0486
5.1101
5.1282
5.0727
4.9849
4.9813
5.0227
5.1361
5.2151
5.1611
5.2039
5.1918
5.2389
5.2823
5.4847
5.5655
5.5797
5.5495
5.5634
5.5941
5.5435
5.4997
5.6138
5.5905
5.5896
5.4542
5.576
5.6099
5.7302
5.7374
5.7078
5.744
5.7543
5.7305
5.7688
5.7467
5.671
5.7256
5.994
6.1798
6.1882
6.1502
6.1062
5.9521
5.8022
5.9213
5.6846
5.709
5.6922
5.7543
5.8514
5.8607
6.0754
6.1213
6.1294
6.0914
6.1656
6.2314
6.2425
6.2112
6.0468
6.029
6.2087
6.1653
6.1578
6.0492
6.0287
5.94
5.9177
5.9253
5.83
5.6982
5.7259
5.9651
5.9238
5.8707
5.9403
5.8556
5.8815
5.7859
5.8936
5.978
6.0423
6.0947
6.304
6.3815
6.3058
6.3824
6.3551
6.4539
6.4651
6.3622
6.3505
6.3927
6.3363
6.2642
6.3526
6.3158
6.2103
6.485
6.385
6.2748
5.9636
6.1242
6.2106
6.2692
6.01
5.7921
5.8725
5.9066
6.0082
5.7917
5.8945
5.8541
5.9165
5.8841
5.9913
6.0429
6.134
6.1083
6.1197
6.0818
6.044
5.9427
6.0512
6.0917
6.1707
6.3025
6.2983
6.3128
6.3544
6.6029
6.6068
6.7256
6.7805
6.8004
6.8336
6.7504
6.7688
6.7588
6.7748
6.7024
6.7778
6.8867
6.9171
6.8351
6.9633
7.0082
7.1124
7.0869
7.1162
7.1922
7.2238
7.2558
7.2362
7.2917
7.3068
7.311
7.4093
7.5067
7.4609
7.4509
7.3761
7.8173
8.0359
8.1674
8.1273
7.9024
7.8891
8.1014
7.8737
8.0323
7.801
7.7198
7.4262
7.1129
7.6596
7.7359
7.9039
7.7914
7.6545
7.6665
7.6104
7.4892
7.1702
7.3077
7.4416
7.3951
7.3616
7.6403
7.7468
7.8659
7.96
7.9349
7.7192
7.5676
7.5191
7.3342
7.5547
7.6451
7.6683
7.8315
8.0595
8.1988
8.2653
8.1475
8.2585
8.1717
8.1123
8.0429
8.0911
7.7253
7.5854
7.4934
7.447
7.498
7.8006
7.7832
7.8294
7.759
7.5935
7.6215
7.583
7.5363
7.406
7.5963
7.6671
7.8114
7.839
7.8191
7.9639
7.8698
7.7838
7.7579
7.8966
7.899
7.9307
7.8921
7.8436
7.8936
7.8231
7.545
7.5933
7.5121
7.4681
7.5987
7.6319
7.5357
7.5284
7.4126
7.2356
7.3249
7.2461
7.2866
7.3131
7.3312
7.5492
7.6047
7.8038
7.7748
7.9289
7.9334
7.9437
8.0532
8.0839
8.1491
8.3405
8.3044
8.5414
8.5577
8.6777
8.713
8.8155
8.7807
8.6509
8.6662
8.5571
8.52
8.403
8.7136
8.7211
8.722
8.8683
8.9072
9.0031
9.0514
9.1168
9.4916
9.59
9.3333
9.3647
9.3342
9.2724
9.3137
9.2899
9.2833
9.2052
9.0767
9.1732
9.3294
9.4331
9.5981
9.5637
9.6087
9.5321
9.5909
9.5494
9.2893
9.2593
9.0951
9.0622
9.3014
9.2501
9.45
9.3104
9.4933
9.4995
9.5559
9.3834
9.5417
9.5945
9.5731
9.6548
9.5963
9.6807
9.643
9.6672
9.7006
9.659
9.6611
9.688
9.6687
9.7169
9.7771
9.8059
9.7588
9.7914
9.8152
9.8098
9.7606
9.7275
9.9389
9.9907
10.0725
10.0643
10.1364
10.3274
10.3029
10.3867
10.4247
10.5091
10.273
10.2184
10.0327
9.8529
10.1765
10.2956
10.3695
10.3502
10.1358
10.2329
10.4051
10.3837
10.3572
10.4494
10.6117
10.7118
10.8011
10.6919
10.7616
10.8318
10.8535
10.9509
10.8053
10.5719
10.2115
10.3324
10.3403
10.4995
10.6518
10.5342
10.6189
10.8433
10.8566
10.7166
10.7287
10.6295
10.4546
10.615
10.6623
10.4172
9.9521
10.0918
9.972
10.2323
10.2896
10.229
10.4033
10.6014
10.5683
10.5839
10.5137
10.51
10.3909
10.2893
10.2199
10.1943
10.1955
10.1044
9.976
10.0242
10.1367
10.0248
9.8752
10.0076
10.1889
10.3261
10.576
10.6457
10.5677
10.5595
10.457
10.5589
10.4428
10.5007
10.542
10.457
10.4543
10.4826
10.5384
10.4714
10.4515
10.2685
10.0514
10.137
10.2495
10.2694
10.1093
10.0845
10.0179
10.1563
10.1026
10.1753
10.4895
10.4196
10.4374
10.3572
10.1943
10.0134
10.0194
9.9968
9.8282
9.8493
10.0254
9.8538
9.8059
9.6581
9.5091
9.8101
9.729
9.9889
9.8418
10.0134
10.1105
10.0737
10.1228
10.3517
10.5378
10.6081
10.7721
10.8478
10.6756
10.6681
10.7968
10.7893
11.0049
11.2727
11.3647
11.6678
11.6795
11.8608
12.0176
12.1657
11.8394
11.8162
11.7757
11.9648
11.7284
11.8388
11.3804
11.2673
10.6518
11.2791
10.9678
11.2697
11.3689
11.5625
11.4742
11.473
11.039
10.7368
10.7492
11.2667
11.3445
11.2703
11.5677
11.7604
11.761
11.6054
11.4908
11.2803
11.4519
11.5782
11.5845
11.3837
11.4579
11.599
11.7402
11.8505
12.0779
12.4136
12.4685
12.4289
12.1177
12.1925
12.1584
12.0405
11.9727
11.7785
11.4995
11.2968
11.2335
11.4069
11.3804
11.1521
11.7254
12.0716
12.1289
12.3171
12.7263
12.6657
12.7335
12.0212
11.9214
11.8478
12.2368
11.9956
12.0809
12.2043
12.2121
12.207
11.9576
11.9847
12.1554
12.0701
12.0547
12.2507
11.9205
11.6171
11.599
11.4374
11.726
11.6035
11.3816
11.3071
11.1283
11.3544
11.0674
10.9642
11.3427
11.2546
11.526
11.6988
11.7522
11.852
11.7899
11.7338
11.7812
11.8704
11.8168
11.7254
11.4654
11.4277
11.4905
11.5263
11.9407
11.9556
12.0191
12.1633
12.2598
12.1425
12.2172
12.2136
12.4015
12.4682
12.6066
12.7384
12.7182
12.7637
12.7429
12.7079
12.6603
12.8077
12.9407
12.8997
12.675
12.8894
12.6783
13.47
13.4088
13.4887
13.6615
13.7661
13.7574
13.7251
13.8626
13.992
14.1386
14.3753
14.8726
14.8801
15.157
15.3638
15.0083
15.1452
15.1425
15.5264
15.4718
15.5728
15.7544
15.8554
16.1464
16.3584
16.4196
16.441
16.0786
15.9911
16.0041
16.3448
16.4407
16.6467
17.1322
17.78
17.6588
17.6591
18.1274
18.274
18.1697
18.0744
17.9751
18.3048
18.5309
18.6256
18.3916
18.0807
18.6561
18.9785
18.8274
19.1099
19.1869
18.9519
18.8844
18.7809
18.252
17.495
18.3868
18.3458
17.7155
17.2794
17.2408
16.8964
18.3958
18.3265
18.1847
17.6111
17.5554
17.6715
17.546
17.0463
17.1739
17.1347
17.1648
17.2052
17.0903
16.8343
16.682
16.468
15.9869
15.9947
16.9266
16.7966
17.2064
17.0484
16.957
17.258
17.4661
17.4227
16.9178
17.0173
16.9733
17.2336
17.2414
17.5008
17.2248
17.3753
17.2547
17.2357
17.3141
17.6654
17.7146
17.6642
17.4209
17.5544
17.2126
17.2506
17.3253
17.1609
17.6117
17.8687
18.0765
18.394
18.2716
18.5131
18.3418
18.2279
18.0611
18.2441
18.3026
18.3035
18.283
18.5261
18.2239
18.2098
18.122
17.3394
17.3367
17.6467
17.9444
18.4187
18.2996
18.3292
18.5677
18.7743
18.725
18.6932
18.7993
18.8287
19.0801
19.1313
19.1052
19.2721
19.6286
20.1446
19.8694
20.2573
20.0683
20.0862
20.4635
20.4369
20.3965
20.1058
20.1474
20.442
20.2985
20.4814
20.6077
20.0716
20.0065
20.2852
20.6846
20.936
21.1935
21.2579
21.2637
21.1607
21.203
20.9212
20.3987
20.1455
20.6344
20.2038
19.9702
20.0283
20.3354
20.1946
19.7642
19.3275
19.2573
19.4105
19.0225
19.0714
19.2242
19.6795
19.5227
19.16
18.4695
19.2021
18.576
18.6812
18.4604
18.2926
18.0298
18.0667
17.4689
17.7057
17.6521
16.9798
16.3636
16.6469
16.5181
16.5202
16.3371
15.9944
16.0571
17.215
17.0684
17.0923
17.3906
17.9392
17.7947
17.7387
17.934
17.8099
17.8376
17.5228
16.3953
16.6525
16.2266
16.1223
16.4743
16.4016
16.1183
15.5129
15.7878
16.2464
16.0154
15.8761
15.803
15.8285
15.6104
15.6731
15.5066
16.1938
16.7068
16.4958
16.0364
15.9421
15.985
15.7352
15.9302
15.8326
15.2681
14.7864
15.4002
15.2964
15.2148
15.36
15.641
13.7086
13.3854
13.6882
13.945
13.9012
13.8604
13.8035
13.4595
13.932
13.917
14.3284
14.5353
14.6868
14.3186
14.2914
14.2785
14.0818
14.0766
13.7357
13.6503
13.7956
13.5505
13.7393
13.6047
13.5077
13.1732
12.8543
13.1938
13.0261
13.1766
13.2115
13.3997
13.1108
13.1083
13.2353
13.5768
13.9459
13.9083
13.8345
13.8544
14.1353
14.1864
14.1116
13.8345
13.5462
13.1255
13.1525
13.2197
13.089
12.9507
13.0428
13.0664
13.3329
13.2913
13.1527
12.8482
13.0438
12.3264
11.9975
11.951
12.2001
12.4283
12.4079
12.4972
12.7673
13.1625
13.5499
13.4431
13.6338
13.7702
14.0986
14.0358
14.1944
14.0714
13.9543
14.0088
13.6737
13.2113
13.3877
13.3471
13.645
13.5443
13.5965
13.6207
13.7134
13.5991
13.7072
13.9115
13.8546
13.885
13.8416
13.7122
13.5073
13.6105
13.5205
13.4808
13.3141
13.4304
13.2482
13.3083
13.3012
13.031
12.8412
12.7384
12.4007
12.4035
12.263
12.1309
12.2156
12.6065
12.8921
12.9633
12.8591
12.7861
13.011
12.9611
13.1631
13.1392
13.1678
13.2527
13.2562
13.3008
13.0911
13.133
12.9075
13.5705
13.5085
13.5852
13.7947
13.9651
13.9407
14.0685
14.2491
14.462
14.3326
14.3243
14.2959
14.0925
14.4929
15.1816
15.4585
15.4402
15.5773
15.745
15.5382
15.5782
15.5968
15.5367
15.5971
15.1512
15.2227
15.2476
15.1086
15.1509
15.4644
15.3583
15.4498
15.6964
15.3388
14.5037
14.6581
14.4166
13.9582
14.1195
14.4097
14.646
14.4944
15.2148
15.167
14.9323
15.0777
14.9701
14.784
15.1317
15.1813
14.9906
14.9788
15.1252
14.914
15.0891
15.1837
15.2821
15.3822
15.4641
15.5396
15.6446
15.7807
16.1675
16.1211
16.279
16.4946
16.31
16.4315
16.0222
16.277
16.209
16.1262
16.3345
16.2942
16.2483
15.9855
16.2371
16.1899
16.22
16.2394
16.4742
16.3753
16.1769
16.2056
16.0637
16.2551
16.2134
16.3363
16.6376
17.0294
17.3447
17.1938
17.6645
17.6233
17.7137
17.4679
17.6679
17.6404
17.5097
17.4841
17.2936
17.3893
17.311
17.1794
16.9826
17.1248
17.782
17.7065
17.589
17.4701
17.2964
17.4991
17.253
16.874
16.9661
16.8446
16.9514
16.7349
16.6233
16.7103
17.0428
17.385
17.288
16.8644
17.1264
17.2025
17.3482
17.0328
17.171
15.7986
15.6192
15.589
15.6145
15.6435
15.87
15.9885
16.0811
16.3061
16.5982
16.8169
16.8157
17.0827
17.0689
17.1317
16.8612
16.666
16.4809
16.5531
16.3808
16.233
16.5568
16.512
16.5597
16.6688
16.704
16.6535
16.6437
16.6588
16.821
16.8373
16.6503
16.4633
16.5276
16.6739
16.6695
16.5891
16.72
16.9183
17.1003
16.9368
16.864
16.8452
16.8414
16.9955
17.0237
16.9057
16.687
16.425
16.4241
16.64
16.4254
16.3039
16.3689
16.2522
16.2851
16.4712
16.6666
16.6832
16.4652
17.8151
17.9459
18.6409
18.5857
18.5154
18.559
18.5935
18.8565
18.6509
18.5857
18.5527
18.4755
18.7054
18.7348
18.7383
18.5789
18.8531
19.0765
19.0803
19.1308
19.1611
19.3775
19.7404
19.6893
20.048
19.9729
19.8357
20.1162
20.3459
20.4257
20.3695
20.6955
20.817
20.7308
20.3841
20.161
20.3642
20.3377
20.3598
20.2891
20.0793
20.0616
19.9401
19.9578
20.077
20.3156
20.5254
20.6557
20.6469
20.7684
21.1964
21.0599
21.0688
20.9903
21.0312
21.3029
21.0533
20.934
20.5608
20.8567
20.7483
20.9208
21.4663
21.431
21.5726
21.8705
21.7292
21.6784
21.1151
21.2322
21.1129
21.0091
20.9738
20.9716
21.0293
21.3067
21.3023
21.5842
21.6419
21.7485
22.0104
22.3145
22.3234
22.3256
22.4898
22.5387
22.3942
22.6696
22.6963
22.7518
22.9293
21.9615
21.7795
21.9682
21.8328
21.7507
22.4188
22.5143
22.5653
22.5586
22.3877
22.5475
22.5942
22.4099
22.4321
22.7828
22.5853
21.724
22.3633
22.2213
22.3633
22.0148
22.1746
22.1125
22.1125
21.9194
22.3744
22.4232
22.3589
22.1547
21.9194
21.6508
21.3667
21.6796
22.1436
22.7451
22.8605
23.2689
23.3555
23.3311
23.6929
23.8261
23.7462
23.9726
24.2833
24.1058
24.1635
24.2323
24.3014
24.2613
24.4552
24.8008
25.1507
25.4539
25.4116
25.7415
25.5632
25.9288
25.9644
26.4448
26.2163
26.5284
26.5128
25.6523
25.5542
25.8441
25.746
25.6367
25.0571
25.4406
24.9568
24.8832
24.4619
24.1264
23.7965
24.3906
25.1129
24.9189
25.1775
25.0883
24.9702
25.4116
25.3937
25.0839
24.6068
24.3727
23.6861
23.6883
24.0205
24.9434
24.9702
24.3549
24.5711
24.4775
23.8132
23.6282
24.2367
24.4218
25.0571
25.1864
25.2132
24.3304
25.7058
26.5062
26.1183
26.446
26.4504
26.6533
26.8428
26.6167
26.7935
27.3083
27.9484
28.302
28.4407
28.6086
28.8066
28.7473
28.9812
29.7656
29.5799
28.8234
29.1871
28.7496
28.8906
28.951
28.7675
28.2908
28.3333
28.4541
27.8655
27.3575
27.8521
27.6596
27.964
28.4318
28.7518
28.5336
28.1766
28.4698
28.3534
27.6127
27.8051
27.5836
28.2818
27.8476
27.8074
28.0468
28.5011
28.2013
28.1095
28.3243
28.4452
28.3892
28.2662
28.3736
28.2371
27.9193
28.5571
28.4027
28.7854
29.0204
29.1569
29.6873
29.2195
28.7898
28.0088
28.8592
28.8033
28.1543
27.9774
28.1498
28.6801
28.388
28.2857
28.3183
28.979
28.9386
29.2577
29.2307
29.2285
29.5274
29.7858
29.1296
29.6746
29.615
29.2779
29.3352
29.206
29.242
29.0712
28.9116
28.7206
28.6352
28.9633
28.8981
28.579
28.5228
28.6756
28.6082
28.7386
28.4509
28.6779
28.5475
28.7903
28.6532
28.4846
27.9857
28.1869
28.4509
28.415
28.3161
28.2464
27.5452
26.9834
27.7048
28.2397
28.2284
28.5004
28.8802
29.1296
29.6802
29.3835
28.1408
28.1273
27.979
27.5902
27.7273
27.6396
27.5003
27.2598
26.6171
25.7631
25.9339
25.9901
26.0782
27.0263
25.6199
26.0149
25.9946
26.1775
26.4484
26.2994
25.963
25.4303
23.8749
23.2789
23.4189
24.7621
25.4912
25.5747
25.4551
24.3173
25.3603
24.9156
24.6672
25.3535
24.8659
25.4122
25.7824
26.0307
26.2497
26.2791
25.717
25.6109
26.0082
25.5996
25.8073
25.9608
25.8953
25.3829
24.6198
24.8207
24.7372
24.9178
25.0081
25.1278
25.0081
24.7192
25.3106
25.1932
25.2361
24.8794
25.2519
25.0668
25.2226
25.6831
25.6808
26.0736
26.8818
26.024
25.8592
26.9247
27.2091
26.9766
27.3559
27.6697
27.541
27.4146
27.4463
27.3352
26.4737
26.3241
26.2356
25.4693
25.8854
25.7754
26.5916
26.9294
27.0473
26.6959
26.9521
26.7594
26.7095
26.8206
26.6029
26.3626
26.1178
26.9861
26.816
26.8047
26.213
26.3377
25.6598
25.5011
25.0499
25.2426
24.7076
24.0388
24.3335
24.3108
24.6237
24.4922
24.2179
24.6532
24.3312
23.8642
23.8846
23.2861
22.8304
21.8668
21.9824
22.3384
22.6626
22.0799
22.5628
22.021
21.9144
21.9439
21.8328
22.9936
22.5447
22.6694
21.1799
21.3318
22.0686
21.8623
21.4202
21.8441
22.0187
21.4306
21.6563
21.6517
21.4876
21.3577
21.4238
22.0278
22.3652
21.9412
21.8911
22.0825
21.5834
21.9047
22.0552
22.0894
22.0392
22.9145
22.9647
23.1356
23.4798
23.2199
23.0285
23.049
23.0604
23.3088
23.3681
23.8377
24.1545
24.1157
24.1431
24.1408
24.3254
24.191
24.0861
23.9767
24.5443
24.9728
24.8429
25.0708
25.3284
25.0298
25.2919
24.7403
24.7676
24.8497
25.1734
25.5381
25.5517
25.0389
24.4987
24.3687
24.4189
24.1545
24.0884
23.9516
23.7852
22.2968
21.6153
21.3668
21.344
21.695
21.4694
21.3828
21.2635
21.2796
21.424
21.2154
20.7177
20.759
21.5295
21.4401
21.6855
21.6029
21.8368
22.1143
22.4514
22.8459
23.0271
23.0133
22.9009
22.5799
22.4102
22.456
22.6189
22.7106
22.69
22.8528
22.6647
22.323
22.3505
22.2772
22.3712
21.8621
21.8093
21.9951
21.9125
22.0387
21.4195
21.1076
21.463
21.6488
21.924
21.9905
21.7841
21.9079
22.002
22.1717
22.2405
22.3414
22.2152
22.6556
22.6533
22.8941
22.9032
22.9239
22.8023
22.6257
22.323
22.1694
23.6096
23.9283
23.8985
24.3205
23.9604
24.2609
24.4099
24.7811
24.9863
25.0878
24.901
24.8849
24.9425
25.2423
25.2192
25.1823
25.15
25.2146
25.0186
25.097
24.908
24.8019
24.6566
24.629
24.4399
24.463
24.6082
24.8388
24.8319
24.984
24.3292
23.7782
24.3108
24.8895
25.7703
26.6464
26.4965
26.1876
26.1853
26.1807
26.4274
25.987
26.0262
26.0746
26.2729
25.8648
26.0654
25.9432
26.0539
26.0654
26.2591
26.2983
26.7571
26.8147
27.0545
26.9715
27.1214
27.1029
27.0845
27.0038
26.99
26.8839
27.126
27.2643
26.651
26.3951
26.2199
26.1784
25.7057
25.7288
25.4544
25.2249
25.5888
25.7395
25.6977
24.9816
25.1299
24.4995
24.824
25.4915
25.4822
25.5077
25.8947
25.911
25.7789
25.9086
25.8577
25.8322
25.6143
25.3756
25.4706
25.2875
25.4822
25.7325
25.9851
26.4093
26.2586
26.6966
26.6966
26.8426
26.8774
27.0327
27.1045
27.13
26.9516
27.0049
27.1764
27.0605
27.0535
26.8426
26.9191
26.889
27.0257
27.327
27.5773
27.6051
27.7535
27.6376
27.5889
27.8114
27.8091
27.7604
27.8114
27.8299
27.8045
28.2471
28.261
28.2633
28.1892
28.1243
29.8393
29.7883
29.9158
30.1962
30.4836
30.6018
30.822
30.7522
31.0245
31.4272
31.5412
31.5028
31.5901
31.8182
31.9136
31.7786
31.8089
31.8717
31.8857
32.5374
32.3442
32.5351
32.4327
32.4746
32.3536
32.2791
32.3861
32.4001
32.3512
32.6934
32.7469
32.584
32.9261
32.5491
32.9168
32.8004
32.7353
32.7911
33.4708
33.5453
33.5011
33.4382
33.4475
33.6966
33.522
33.4382
33.3637
33.3242
32.9657
33.0053
32.8307
33.0123
32.8656
32.7446
33.1542
33.1147
33.4336
33.6407
33.4429
33.4685
33.4359
34.1179
34.3343
34.2296
34.1062
34.6718
35.6145
35.8426
35.6727
35.9799
36.4824
36.3889
36.3352
35.1152
35.6504
35.7719
35.9893
35.9449
35.8374
35.9612
35.9005
35.9145
35.7018
35.8
36.3305
35.9753
36.0968
36.3118
36.223
34.8184
33.9864
34.2598
33.9256
33.7223
33.2502
34.2014
33.8906
34.0915
34.0355
34.1874
34.0799
33.5914
34.0822
33.5797
33.6592
33.5377
33.6755
33.3577
33.6966
33.9022
34.0121
34.0612
34.5356
34.8324
34.9539
35.0755
35.2952
35.1362
35.1199
35.5452
35.6971
35.8654
35.1877
34.9399
34.76
35.0685
36.7255
36.3586
36.5502
37.1158
37.4126
37.6416
36.4474
36.9542
37.5104
37.921
37.7685
37.0434
36.9589
36.8909
37.4939
37.5409
37.3743
37.5127
37.8905
38.2284
38.3317
38.4842
38.4959
38.0337
37.9938
37.8412
37.2241
37.8976
37.7474
37.4634
37.142
37.5174
37.2335
37.2476
36.6234
35.9945
35.6425
35.328
35.9358
36.1916
35.9687
36.1658
36.093
36.2503
36.0156
36.4638
36.4427
36.5694
36.5835
36.736
36.6069
36.8392
37.5174
37.6559
37.4893
36.6022
36.6656
36.6468
36.8651
36.7031
36.9378
38.2613
39.1225
39.6669
39.1624
39.4487
40.4788
40.8895
41.0209
41.3564
41.272
41.1359
40.971
40.3516
39.8194
40.2951
40.0714
40.0313
40.7755
41.2042
41.2065
40.9993
40.7591
39.9136
40.4717
40.2833
39.989
39.9513
39.8029
39.8759
39.8877
40.6649
40.4364
40.5707
40.5589
40.971
41.548
41.1053
41.0605
41.2159
41.2159
40.1703
40.1774
40.2904
39.8547
40.5683
40.5612
40.7496
41.2136
41.0605
41.0558
41.0464
41.2795
41.7058
41.4938
42.1792
42.2168
42.0284
41.6846
41.694
41.0299
40.2975
40.3917
39.5556
39.3225
39.4308
39.5132
37.7987
36.8544
38.3946
37.5727
36.5388
36.9839
38.4736
38.859
39.5754
40.9043
40.7719
40.6348
40.4503
40.7885
41.4978
42.3183
42.1812
42.1173
41.3796
41.6657
41.8099
41.7745
41.3867
41.8383
42.5571
42.9686
42.5548
42.193
42.2426
42.0937
41.4505
41.4363
40.4976
39.9254
39.0009
40.8523
39.8048
39.365
39.6724
39.4123
39.8166
40.578
40.8594
39.8143
40.2091
40.9658
40.7743
41.1762
41.3157
41.5735
42.1457
42.0511
40.8594
39.1853
39.0718
38.5279
38.6958
38.8306
38.3813
39.0765
39.9845
41.7508
41.8265
43.4675
43.782
43.9924
44.3022
44.9359
44.7656
44.6612
44.2553
44.6683
44.3858
44.2244
44.5377
44.4262
44.711
44.6612
44.7632
44.6018
44.5069
44.3573
45.1573
45.5347
45.886
46.045
45.9216
45.5038
45.3923
45.6415
45.2665
45.2902
44.825
44.8012
44.0772
44.2695
44.0227
43.8945
43.2417
43.7782
43.7141
44.0321
43.9396
44.4309
43.6571
44.0084
44.6185
45.238
45.1834
44.5971
45.3448
45.416
45.3163
45.4445
45.1953
45.5466
45.4421
45.4825
45.8124
46.2444
46.0996
45.3329
45.0789
45.1692
47.8301
49.2282
49.3706
49.627
49.1617
49.1949
49.5819
49.4347
49.7539
49.9635
50.0802
50.8139
51.8287
51.3237
51.2236
51.226
51.3308
51.4904
51.9144
52.3336
53.115
53.6033
54.2226
54.3965
54.0416
53.1435
52.7148
52.0073
53.3222
52.66
53.932
53.3198
51.9001
51.9859
52.0168
52.4123
51.8477
52.5933
52.9268
52.5052
53.5842
53.7724
54.1345
54.6156
55.2802
54.3084
53.427
53.3031
54.0416
51.538
51.0831
52.9077
51.7762
52.9172
52.6886
51.4571
52.2407
52.5599
53.0554
51.2355
52.3575
51.5237
50.5566
50.8091
52.1336
52.9339
49.4228
48.0198
48.539
50.0111
49.8373
48.8763
46.4142
45.9505
44.6525
45.7545
46.2612
44.4278
42.3051
42.2573
41.184
41.741
41.6502
43.2517
42.9195
42.6876
44.1792
42.2358
41.7649
40.2757
40.541
40.3092
40.4215
40.8637
39.5562
39.1881
39.6972
38.459
37.4885
36.0304
35.0981
37.5698
37.326
37.3451
37.706
37.7491
33.989
35.4399
35.3611
36.0351
36.6471
36.7642
36.4033
35.8559
36.5897
37.0367
37.2566
37.4861
36.6447
36.7929
36.5013
37.7108
37.3618
36.9746
39.5012
39.7857
39.8048
40.9354
41.6358
41.6502
40.8613
40.9091
40.6739
41.0244
40.8539
41.0028
40.9115
41.034
41.298
41.0652
41.5237
41.8262
41.8502
41.9798
41.5669
42.0038
42.2151
42.1383
41.8958
41.4109
41.5093
42.9473
43.4298
43.6219
44.1068
44.6805
45.1367
44.779
45.1703
46.8339
45.864
45.3095
44.8414
45.2447
45.3047
45.6
45.9097
46.577
46.8963
46.9779
47.2924
48.0366
47.8926
48.1615
47.7605
47.7413
47.8278
47.8326
48.764
48.9393
49.1001
49.8083
49.7315
49.2801
49.0449
49.1193
48.1735
50.5381
50.2092
50.8334
50.0483
48.6992
48.7088
48.1855
47.5205
44.7586
45.4672
46.0118
45.8094
45.5491
44.1248
44.9707
44.0501
43.2982
43.1319
42.9535
42.7487
42.9704
42.192
41.7654
43.2933
43.9922
44.6381
45.8263
46.4119
46.9493
46.7999
46.7903
46.4504
46.7276
47.8266
47.6868
48.07
47.9061
47.8579
47.1325
48.1519
48.1374
47.6988
48.5737
48.858
49.2629
49.2195
48.2049
48.4989
48.9785
48.6219
48.9954
49.4557
49.2846
49.0075
49.5642
48.8243
49.9401
50.3306
50.2896
49.8919
50.0654
50.533
50.3161
51.3428
50.2317
49.1689
46.595
47.4771
47.9687
49.0267
48.6243
48.5009
50.5548
49.0501
48.8057
49.9573
50.8887
50.8911
51.4427
51.3991
49.0234
49.9548
49.3912
49.7226
50.5645
50.4992
49.7637
50.608
51.5975
51.5927
51.8128
52.4249
54.0917
53.9696
52.9208
53.199
53.3926
53.8934
53.4555
52.6741
52.9136
52.662
53.4724
53.1966
52.9378
54.1837
54.3337
52.9716
53.4216
54.9191
54.9312
54.2877
54.924
55.6642
57.1448
57.0626
56.9295
56.6997
56.9198
57.1932
58.1851
58.052
58.831
58.9278
59.6536
60.2511
58.8576
58.8504
60.181
61.8889
62.2954
62.2059
62.2325
62.9486
63.1209
63.6207
63.5625
64.1715
63.7275
64.4845
64.8096
64.6131
63.8609
63.5746
63.5188
64.6325
64.1278
64.9892
64.846
64.0963
62.9534
63.5091
64.4408
65.6856
64.766
65.1445
65.7001
65.8676
66.7629
67.9057
68.0392
67.8766
67.9446
67.8038
68.9103
68.9758
70.3443
70.3176
70.735
71.2518
72.8775
72.169
72.744
72.4019
73.5666
75.1292
75.299
76.9078
75.8693
75.5441
76.4904
77.3372
76.8131
77.0873
77.4586
77.2353
74.9642
77.0849
78.6985
78.5844
75.1001
74.8938
77.3664
77.9972
78.9096
77.8395
78.2092
77.7374
79.5834
79.0167
79.0362
77.589
78.7127
77.9052
76.1418
72.525
70.0684
71.18
66.5271
66.4882
72.6783
70.37
73.6341
71.2457
70.2995
64.7394
69.402
66.9916
60.3759
67.6094
58.9117
61.502
59.9965
59.5368
55.757
54.5725
60.0475
59.7168
62.8592
60.2567
61.9763
61.8499
58.5955
59.5733
58.7171
63.8394
63.1
64.715
65.182
66.4614
69.8179
69.1807
69.7304
68.7842
67.3565
65.2745
67.1546
66.8944
68.8256
68.8742
67.7578
69.9833
71.4597
70.3092
71.304
72.3742
73.1209
73.8774
75.631
76.8211
75.9432
75.0262
75.4871
75.0409
76.8089
76.3651
77.8502
77.2698
77.7673
77.2406
77.5771
77.6112
77.5356
78.4892
78.8525
79.2866
78.6038
80.8425
81.3205
83.8884
86.0467
81.9155
82.6227
83.6445
85.8613
85.7418
85.776
85.2858
87.5172
89.3852
87.8074
88.9731
86.2393
88.2268
88.9633
88.7951
88.7951
91.1703
90.8874
93.0042
93.3359
93.5676
93.1359
94.6772
95.3283
94.1553
93.9651
95.9453
94.6211
94.8869
90.568
90.3436
92.4848
90.9655
92.7091
93.8309
103.654
106.2658
106.9755
107.3632
111.109
108.5874
110.1657
106.8894
110.4418
112.3964
112.2962
112.003
112.9363
113.078
115.5872
121.5437
122.9974
121.9883
123.6472
122.1691
121.9712
126.1075
131.1307
128.4139
118.133
118.2112
110.2561
114.6539
110.9109
109.4548
112.7335
112.9143
109.5818
107.8325
104.412
107.5784
109.2691
104.6857
105.7607
109.7284
112.3475
111.4973
113.1782
114.1359
110.4516
113.8525
110.5884
112.4648
112.3573
114.3118
121.573
118.348
118.4359
117.9668
116.3152
113.3443
114.8396
114.2141
113.1196
112.4257
112.4355
113.9502
108.673
112.6993
106.3861
106.2982
107.9302
112.3377
116.325
116.1931
113.8729
113.5303
116.9763
116.7021
116.7511
117.7692
116.8784
115.547
116.1441
114.8715
111.4549
112.7471
113.589
114.1373
116.5455
120.1383
120.4907
120.3537
119.6782
121.1466
121.7634
119.2181
120.6474
119.8348
119.2181
125.1897
125.1212
125.9925
123.9905
125.5324
129.1056
128.205
129.1937
133.8144
132.0327
130.9069
129.8986
126.6876
128.2539
123.9367
128.1658
129.272
126.2666
126.0904
128.1364
126.1981
124.4653
125.1408
129.2524
133.9906
136.1443
139.9133
140.1483
139.0714
134.206
129.1839
131.3181
132.1502
131.1223
134.4997
134.0836
134.2307
133.3483
132.7404
132.4855
132.7208
130.5835
128.2795
127.1716
127.3285
123.5342
123.3969
122.8969
118.6222
118.887
125.2892
122.6714
119.6713
117.7791
119.0438
114.0829
118.7154
117.632
119.5733
118.6615
121.5635
123.1126
122.3185
118.1712
117.6418
120.9753
120.1419
117.7399
118.2301
118.8379
119.0144
117.5536
119.7595
120.5929
123.4362
123.7401
125.397
127.8089
130.3923
128.6717
131.7992
129.4462
131.8679
131.5345
132.2012
130.5051
130.8874
129.358
131.6914
132.0835
131.76
130.9659
130.8678
128.8873
129.9462
125.348
125.5931
127.201
127.8775
124.5777
123.6545
120.5708
122.7314
125.1669
124.0081
122.6135
122.4564
125.0295
123.1831
124.8232
124.6268
124.5777
123.0358
122.3778
122.0537
122.8198
121.327
123.6349
123.6447
124.4697
124.8527
123.8509
125.0687
128.1427
127.3177
127.8186
129.4292
128.123
129.9301
131.58
131.305
131.0202
130.7256
132.3656
133.8879
134.5066
134.811
137.4528
139.4759
141.9803
140.6741
142.5106
141.9115
143.0311
146.4782
145.8202
143.7677
139.8982
143.532
142.7954
144.1703
145.8988
146.3211
144.1409
142.3829
143.0311
143.2472
142.9132
144.7203
144.3176
144.4257
143.7382
143.689
143.2071
143.4628
146.443
146.6496
148.6364
147.7216
143.9546
144.289
145.7545
147.2495
147.161
145.9217
145.1152
146.1578
150.6035
149.3347
150.0035
151.1248
151.7641
154.1148
152.5608
151.5379
146.5217
147.0922
145.6857
146.5807
146.3446
143.6595
140.5908
141.0727
143.453
144.4169
144.5054
142.9809
139.5777
140.4826
139.1745
140.3056
136.8532
138.7909
139.6662
140.935
140.5515
140.4629
139.1843
138.5942
141.3973
142.4596
144.1415
146.3151
146.8069
147.0233
146.2463
146.1971
146.8659
146.4037
150.0625
147.338
146.5119
147.5544
149.0003
148.479
149.0101
148.1827
148.5472
145.7005
145.6513
147.7395
147.7493
148.7343
151.187
155.5012
158.141
158.604
158.9881
159.5102
154.4571
157.8357
162.8197
162.2977
161.3029
159.4117
162.8394
168.6115
172.453
171.9408
176.7574
173.1031
171.7143
176.6097
169.6753
168.5721
167.203
170.3944
173.0046
173.635
177.6242
176.5998
176.6885
175.5262
174.9056
179.279
177.0037
172.2954
169.4192
169.5867
169.6064
172.453
172.8962
169.6064
170.4732
167.2522
163.7358
162.0416
159.9731
159.195
157.3826
157.2939
156.831
167.7743
172.1575
171.9901
173.2016
170.3057
170.0201
169.3001
172.4265
173.8566
169.7538
166.3216
166.5583
170.4146
170.1779
166.5583
165
162.061
157.8694
160.5027
162.5837
162.85
160.9564
164.2702
163.9447
160.9268
157.11
155.2756
160.7098
156.3407
152.6028
148.5493
152.9579
157.396
158.4119
161.7257
163.1064
166.4991
167.87
171.677
172.318
173.1859
176.4997
175.3261
172.2095
171.9137
175.9869
172.6534
169.4678
169.7735
167.7517
163.4713
165.3551
168.0574
163.0177
162.8007
165.0987
164.931
164.1321
159.5658
160.6408
154.6444
154.4175
161.3904
155.4827
155.7884
157.2875
163.7376
154.6148
155.3446
150.1889
152.6087
144.6973
140.8058
145.2998
143.7491
147.4036
139.0872
135.6599
135.8969
141.349
138.6328
138.7909
142.0107
147.7986
147.0085
146.8801
149.3493
143.5911
144.3417
146.8801
146.1393
140.8848
135.4426
130.2572
131.1264
133.7635
128.4596
129.9411
134.1981
133.6845
136.5685
139.9168
139.9168
135.7488
137.5167
135.0376
137.2204
139.8181
141.1613
144.5491
145.2306
143.0873
144.0652
143.6997
146.643
148.3221
145.2603
149.1419
151.1568
153.4384
152.1939
151.0679
149.7345
154.8607
155.4138
160.5103
159.5226
158.041
164.0857
163.7697
163.5425
163.0677
163.1172
167.39
166.6482
170.2187
171.2968
171.1385
172.6419
172.2463
169.645
165.7382
165.4019
165.6987
168.1713
161.8314
159.6159
157.1729
155.5014
156.2333
154.1068
152.8408
154.2551
152.7715
155.6497
161.6435
152.1583
153.6122
150.7044
149.0526
152.7913
155.1849
152.0396
151.0703
148.7856
149.1219
150.1011
148.202
140.9225
136.6893
140.8928
144.5029
144.7996
143.8402
138.5586
138.885
137.4608
136.8277
141.4269
136.8673
140.8533
142.1786
142.2874
141.8225
145.6601
147.8163
150.6747
147.7174
143.2171
154.0375
151.6638
149.0032
143.4446
137.3618
137.0948
137.6298
138.2044
133.6174
145.5059
148.3097
146.9029
148.6465
147.4081
149.3202
149.8849
146.6354
148.7852
149.6669
146.7344
142.8806
139.8589
146.6552
146.9326
146.4372
145.2682
141.5827
139.631
141.3251
140.8397
143.1481
144.1189
141.8799
135.2323
133.2607
131.1406
131.0713
134.192
131.0019
130.6354
128.8223
124.8694
128.4062
128.7233
123.9084
125.1864
123.8589
128.4162
128.9412
129.5158
132.2502
132.171
133.5084
134.6775
133.9542
134.0137
136.5895
139.7994
141.2063
140.5425
142.623
144.5747
141.6719
142.9499
144.0793
149.4193
153.0651
150.3208
153.2137
150.509
149.4688
149.8354
152.6533
152.0083
154.1218
152.5144
151.3634
147.325
147.7517
148.2379
145.5688
146.7694
146.2634
144.1797
144.775
149.8552
152.6334
150.4208
151.6809
149.4186
147.3449
149.2996
151.4031
151.8
154.6377
153.7943
156.1757
158.041
156.6023
157.6938
159.0035
157.0488
156.4237
159.5194
161.0971
163.6173
164.8774
164.3416
162.4862
163.3792
160.7696
159.5492
158.8547
164.2722
163.9249
163.9448
165.1751
166.3261
165.3537
163.7364
164.044
162.4961
162.4862
167.1
168.3601
168.2708
167.229
166.1475
164.5004
172.2199
172.1504
170.4339
172.205
172.3985
171.4658
170.969
170.969
171.585
173.9299
174.0392
173.0854
170.4623
170.7405
171.8831
174.3075
176.1655
176.1158
178.9377
179.7922
178.4309
178.0633
176.6822
179.4146
179.8021
182.614
182.1371
182.773
184.8198
183.7368
183.8262
182.7829
185.8035
185.4855
184.0845
186.8567
188.0391
188.3769
192.7289
191.2285
190.1058
190.5827
189.4599
187.4032
186.8765
188.5557
189.3208
189.4698
192.7487
192.4904
193.8516
191.8942
190.7118
191.5167
192.3811
193.2555
191.9837
194.577
195.193
194.3534
191.3478
189.9468
180.8255
177.7056
178.6495
177.0498
176.8312
176.8909
178.5524
176.5526
175.677
173.12
173.6075
174.9507
176.3337
180.204
175.488
177.7067
179.2787
183.1888
186.701
186.9199
188.5018
188.7406
181.985
176.662
177.2789
178.4529
175.4084
173.329
174.8512
174.1249
177.0699
178.1644
174.6025
173.0504
173.906
175.1895
171.0903
169.5681
169.8268
170.3441
172.8713
171.5281
172.7817
174.0254
176.5924
178.0848
177.4878
178.8907
179.7961
177.9455
177.8161
176.2541
174.9507
174.5726
172.0057
172.1251
172.5629
170.2347
166.046
167.3693
169.4288
169.9064
173.0902
176.672
175.7566
178.3236
180.9005
181.9651
181.4875
185.6961
184.1021
186.7322
187.3
188.9936
188.9737
190.727
189.9201
190.5876
189.2526
189.0733
189.681
188.6549
189.2327
190.5178
188.7147
192.6896
191.5937
193.5364
194.9709
192.4505
193.9747
197.2124
197.3619
196.8239
195.1503
196.1963
194.0943
193.9448
192.8689
192.321
192.4206
192.849
191.8029
184.939
183.5542
181.2231
180.4958
184.8593
184.4409
185.4869
184.8892
185.2179
182.9366
181.9901
187.9177
190.8366
193.1578
194.4429
193.7655
193.4368
191.6934
191.006
187.3299
183.7036
186.1544
185.1482
186.9713
188.5851
188.6947
187.6088
188.3759
186.6802
184.5755
183.6877
183.3985
181.8524
181.1042
181.8623
183.9072
182.0618
180.7052
182.1716
180.9646
180.2963
179.209
174.6605
169.693
168.6955
168.5758
170.3014
172.3164
172.7951
170.7004
172.5657
172.1867
173.2839
175.638
178.2215
170.9398
171.8475
170.4211
169.284
172.8749
171.0495
169.6032
168.4162
169.2241
168.3962
169.1543
168.0271
169.2441
167.3588
174.6006
176.1068
172.2565
168.9548
167.5783
166.6207
164.5858
165.4237
166.481
168.5957
169.4635
168.875
173.0645
169.9024
168.875
172.5956
182.9197
181.2539
181.9421
182.2813
184.1067
182.8399
186.0662
187.2148
189.5022
189.6221
189.652
190.8207
192.1292
190.6809
186.6655
189.7619
189.7719
190.0716
191.0704
192.0293
193.8073
194.1269
195.6452
194.2567
196.664
192.8983
206.9122
212.8254
213.9941
212.2461
216.4213
214.044
209.4393
207.2518
207.9011
208.83
213.0052
213.8542
210.3782
216.5012
220.0171
221.2957
226.0802
227.5585
228.4175
232.7126
227.3088
230.2754
234.1309
234.5504
228.6173
223.9227
224.0525
223.7029
224.7517
218.2891
217.2403
217.7098
217.9895
218.5488
221.8251
218.1093
219.6076
209.0298
206.9921
209.5791
213.0651
215.9918
217.53
221.27
221.72
224.72
226.05
225.89
226.51
226.4
224.53
226.84
227.18
228.03
226.49
229.79
229
222.77
220.85
222.38
220.82
220.91
220.11
222.66
222.77
222.5
216.32
216.79
220.69
228.87
228.2
226.47
227.37
226.37
227.52
227.79
233
226.21
226.78
225.67
226.8
221.69
225.77
229.54
229.04
227.55
