24.2198
25.0925
26.593
26.1388
26.9712
27.1262
26.8069
25.9838
25.8567
24.6554
24.8011
25.6149
24.8104
24.8988
25.2274
24.4524
24.2198
23.2511
22.5923
22.9023
23.0666
24.0943
23.6975
23.7936
23.2712
23.5223
23.0278
23.1937
23.5998
24.0168
24.6461
25.0817
25.015
25.0243
24.8306
25.7126
26.2055
25.9063
26.7294
26.5357
26.7868
25.818
26.545
27.892
27.6114
28.636
28.8313
27.7835
28.7352
29.4327
29.1599
28.9274
29.3149
29.2188
28.8313
27.9385
26.6209
27.5509
26.8534
25.1111
25.7684
25.4212
26.3326
26.6612
27.2812
26.0412
25.4584
25.4398
25.2072
24.7608
24.1997
24.5283
24.1625
24.5097
24.705
24.7608
24.9561
24.5283
23.8308
24.5283
24.395
24.5872
24.3175
24.0447
23.9486
23.6386
24.3361
24.2958
25.015
24.3361
24.3175
23.6758
24.6647
24.8786
24.6058
25.5173
24.7608
24.2183
24.0447
24.085
25.1111
25.6909
26.3512
27.5726
26.8162
26.6612
26.2334
26.3326
26.8937
27.2812
27.9602
28.2702
28.5213
27.7649
28.6174
28.6949
28.9088
29.2002
29.0235
29.4327
29.256
30.8278
30.4961
28.9274
29.3552
28.2299
27.9788
27.1634
27.5323
27.9013
26.9526
26.6023
26.2923
26.2737
26.3326
26.5837
26.3884
25.9823
25.7126
26.1001
25.3436
26.2551
26.1373
26.2148
26.3512
25.9823
25.8459
26.7976
28.5802
29.5474
29.3335
28.9088
28.5988
28.6949
28.636
28.4624
29.721
29.2188
28.5988
29.1599
29.4513
29.101
29.4699
28.7135
29.1413
29.8978
30.245
29.3335
29.7799
28.2702
28.1927
28.3477
28.5585
27.7463
28.0749
27.8951
28.6949
28.4624
29.0452
29.0638
29.4327
29.2374
28.6949
28.2299
28.1152
27.2998
27.2409
26.7573
28.5988
28.8499
28.7352
28.6577
28.636
28.171
27.861
28.6949
28.636
28.6949
28.5213
28.4438
28.3849
27.8827
27.5509
27.0084
27.7835
27.6502
26.9712
27.0673
26.3512
26.3326
26.6612
27.8424
27.7835
28.4252
28.2485
27.9602
28.2268
28.8902
29.3924
29.7985
29.5877
28.8313
28.4438
28.7538
29.101
29.9536
30.5953
33.6179
35.2455
35.7291
34.9541
35.9213
36.4453
36.408
36.9289
36.4266
36.5631
36.4639
36.1941
36.1352
34.9138
35.2827
34.1015
34.548
34.7991
33.9062
32.8026
33.4226
34.7991
35.7477
33.1715
32.8615
32.164
31.3889
31.8725
30.8061
30.6139
30.4589
30.3411
31.9128
31.2525
32.1237
33.0351
33.0537
34.0829
32.2415
32.8615
30.9828
30.8836
30.555
30.2636
30.8836
29.4699
29.0824
29.2188
29.3738
28.3074
28.3849
27.706
28.1524
28.946
29.7985
28.0935
28.791
29.6249
31.0014
31.3114
30.3814
29.4885
29.566
29.566
30.8061
30.1861
31.8539
32.0089
34.6813
34.6255
32.2601
32.3376
33.2304
32.0462
32.939
28.171
27.4548
26.7759
26.6612
27.6099
26.6798
26.0009
24.6058
24.5686
22.9782
23.5208
24.9747
24.395
24.4725
20.6531
21.5057
21.081
21.6421
21.6235
22.7674
21.6607
21.8746
21.8374
22.0482
21.6421
21.0221
20.5198
21.0407
21.3321
21.5057
21.546
20.9849
20.5198
20.1695
19.8998
19.5898
20.3245
19.0659
19.0473
19.6487
19.3945
20.0145
20.557
20.7306
21.5832
21.856
21.3321
21.3321
20.7306
21.0407
21.856
22.4357
22.4946
22.8449
23.2325
25.015
24.7608
24.085
24.6461
24.4322
24.4725
23.93
24.8011
24.8011
24.3361
25.0925
25.4212
24.6275
24.5283
24.8972
24.7825
24.4725
24.24
24.3361
22.6682
23.1922
22.4171
21.8746
21.391
21.0221
21.5057
21.6049
21.6421
21.2949
21.5057
21.7785
21.4282
21.701
22.9782
23.0185
22.5132
22.4574
22.3799
22.2032
22.011
22.1846
22.011
21.8932
22.0885
21.9335
22.0482
21.8932
22.1071
21.9924
21.701
21.6421
21.7599
21.7382
21.5274
21.7196
21.4871
21.3321
21.1182
21.1585
20.402
19.8998
19.5309
20.1509
19.9184
19.8998
19.6084
18.9884
19.4348
18.7962
19.007
18.6969
18.3311
17.5344
17.1872
17.1686
17.2244
16.7997
16.9144
17.2833
16.8586
16.6633
15.6185
15.6371
16.0432
19.1837
20.2098
19.2612
19.0659
18.9884
19.9773
20.9849
21.4096
21.3507
21.5832
21.7971
21.1585
21.546
21.856
21.5274
21.9707
20.8856
20.5973
21.3321
21.7196
21.3724
21.4096
20.8298
21.0035
21.1585
21.6824
21.9149
20.7709
20.1695
17.7886
17.5561
17.4972
18.5636
17.5747
16.471
16.8772
17.9994
18.0986
17.7483
17.2058
15.2496
14.8218
13.8917
12.8656
13.467
14.3971
14.5335
14.3971
13.8142
13.4484
13.4484
14.8621
15.0171
15.231
15.1721
16.0618
16.3935
17.0508
16.5858
16.2943
16.4121
17.2058
18.9109
18.6411
18.7745
19.5123
19.162
19.8409
19.9959
19.6487
18.9295
19.3387
18.852
19.2023
19.3945
20.0548
19.2984
18.3311
18.2133
18.0397
18.0986
18.2319
17.7669
17.3236
17.4383
17.1097
17.5933
18.4644
18.4086
18.2908
18.4024
17.5747
17.8072
18.4272
18.8148
18.3683
17.5747
16.1021
16.7997
16.7408
16.6447
16.9144
16.8369
16.3346
15.5193
16.7408
17.5344
17.3794
18.0583
17.2244
17.1686
16.9547
17.3019
16.5485
16.1021
17.5933
17.4197
17.7173
18.5016
18.6132
19.2767
18.8458
19.0597
20.2842
21.0934
21.391
21.1585
20.9414
21.6049
21.4313
20.8081
21.0035
21.7537
21.6266
21.2453
21.9335
22.1288
22.3396
21.825
21.701
21.515
21.3042
21.1647
21.4406
21.1337
21.1089
21.3259
21.7971
21.608
22.2342
21.9831
21.8064
21.4499
21.4468
21.8064
21.9428
22.507
22.4326
22.8418
22.6899
22.3582
22.3458
21.9149
21.36
21.0872
20.7337
20.8701
21.5181
21.6514
21.3383
21.3445
21.7444
22.0544
22.5504
22.631
21.887
21.8467
21.2391
20.4795
20.3648
19.9897
20.6159
22.197
22.1164
22.0668
22.2652
21.8777
22.4977
21.4468
20.7988
20.5601
20.9197
20.6438
20.2966
20.3989
20.5198
20.6066
20.9104
20.7368
20.5012
20.5694
20.1075
20.154
20.3121
20.4082
20.0548
19.5929
20.0331
19.1837
19.4379
18.8427
18.8055
18.328
19.2364
19.317
18.8303
18.6783
17.6522
17.6863
17.3918
17.9002
17.367
17.1748
17.8506
16.4028
16.84
16.7005
15.7363
15.4108
16.1238
15.9037
15.5844
15.4883
15.8634
16.0556
16.4462
17.4321
17.4972
17.894
17.9932
16.9144
17.2089
17.46
17.4786
17.9994
18.1203
17.3701
17.5933
17.9498
18.6504
18.7341
19.0101
19.3945
19.2829
18.4892
18.2536
18.0273
19.1713
19.0349
19.6146
20.0827
19.9184
19.9711
20.216
20.3958
21.05
20.4454
20.4981
20.3834
20.6283
20.2749
19.8564
20.061
20.1943
19.7603
19.4689
20.1013
19.906
20.0796
20.4609
21.112
21.2825
21.0283
20.7895
20.8701
21.0655
20.5446
20.9073
21.3848
21.4747
21.5429
20.6965
20.9383
20.8546
20.9818
21.0345
21.0407
20.5384
20.7833
21.4623
21.36
21.2546
21.5088
21.3011
21.4778
21.2701
21.2267
21.5615
21.0407
21.6576
20.4919
19.9835
19.7603
20.0269
19.7789
19.7851
19.3201
19.4844
19.751
19.4255
18.9481
18.9574
18.7248
18.5388
18.8024
18.9512
18.6442
19.1651
19.1217
18.6721
18.2691
18.5698
17.9963
17.9777
18.3156
18.1513
18.1017
18.0862
19.0256
19.6239
19.5557
19.7262
19.4441
19.8254
19.9463
19.3883
19.2519
18.9791
19.3728
19.2643
19.2922
18.6318
19.0225
18.7403
18.3621
18.3156
18.4272
18.6969
18.7186
17.7576
17.4631
17.5003
17.3205
17.739
17.0105
17.4538
16.9857
17.3391
17.2647
17.9219
17.5561
17.4755
17.7328
17.2337
16.7377
16.4369
16.6571
15.9657
16.1951
16.2013
16.3532
15.8758
15.3643
15.0729
15.3364
17.0415
16.1579
15.5162
16.3346
17.0136
16.9733
17.2802
17.3701
16.7439
16.1796
16.6447
16.995
16.5113
16.2199
16.1362
16.3191
15.7828
15.3209
15.4945
16.0153
16.0897
16.1145
16.3749
16.2974
17.2182
16.809
17.1283
17.2616
17.3577
16.8524
16.7718
16.2075
16.7904
16.4152
16.7811
17.026
16.9578
16.3253
15.9471
16.0711
17.0043
16.4059
16.4958
16.1951
16.4028
16.0773
16.0587
15.8882
16.1207
15.8448
15.3643
14.7288
13.3337
14.3319
13.2779
14.0591
14.9582
14.9117
14.8745
14.1831
13.7677
13.6375
14.1583
14.5986
15.1628
14.9179
15.0264
14.5893
15.4108
15.4294
15.5007
16.1207
15.8231
16.2075
16.502
16.1889
16.1517
15.7611
15.3085
15.6805
15.2155
14.5769
14.9458
14.2327
14.8249
15.0977
15.4356
15.0605
14.6172
14.8528
14.8125
14.6606
14.8032
14.6327
14.7133
14.0219
14.149
14.4188
14.3226
14.0281
13.56
14.3319
14.1397
13.8886
13.5693
13.6561
13.9475
13.6375
14.3785
15.1504
15.2806
16.2106
15.6278
15.7394
16.4772
16.2788
16.0184
16.4927
15.882
16.3315
16.1052
16.1424
16.4648
16.5765
16.4307
17.3918
17.5716
17.6801
17.3639
17.0818
16.6974
16.8989
17.1624
17.6677
17.5747
17.3143
17.0074
17.553
17.9312
18.049
18.0521
17.6398
18.0056
17.8816
17.8847
17.5809
17.5282
17.1562
17.1965
16.5951
16.7439
16.9454
16.7935
16.2757
16.8896
16.8524
16.5951
16.4648
16.4431
16.7408
16.685
16.5516
16.4214
16.3532
16.0277
16.654
16.6757
16.9795
17.2988
16.8152
17.3019
17.336
17.4817
17.6615
17.4445
17.1593
15.9533
15.913
15.8107
16.2075
15.4542
15.2434
15.1349
15.4728
14.9551
14.7133
15.0543
14.6699
14.5583
14.7009
14.4405
14.6885
14.3971
14.3971
14.5676
14.9737
15.4759
15.2589
15.0163
15.3211
14.9727
15.0474
14.6866
14.6679
14.7426
14.6431
14.3507
14.5809
14.4751
14.6555
14.2761
14.1827
14.5498
15.346
15.4642
16.1298
16.1982
16.3724
16.3288
16.5279
15.7316
15.8561
15.7068
15.5761
15.346
15.0598
15.1469
15.9991
16.0054
15.6072
15.657
15.912
15.2838
15.2962
15.0536
15.402
15.3024
15.5015
15.8623
15.6819
16.024
15.9991
15.8561
15.6881
16.0116
16.0489
15.9058
15.9991
16.2355
16.0862
16.4035
16.1671
16.0116
16.3972
16.2977
16.1671
15.9369
16.0427
15.9058
15.402
15.3211
14.9479
15.0287
15.0661
15.4206
15.1842
15.178
15.3087
15.3273
15.4766
15.4704
14.9852
14.7239
14.7737
15.3522
15.4766
15.545
15.3335
15.7939
16.1484
16.2168
16.2168
16.3786
16.0365
15.9867
15.713
16.0178
15.9431
15.9494
16.2666
16.7207
16.4843
17.0566
17.2308
17.0877
16.7394
16.9882
17.0442
16.9633
17.1188
16.6025
16.7269
16.1982
16.4097
16.4532
16.1733
16.7269
16.5528
16.4657
16.3164
16.4283
16.2791
16.2853
15.9618
15.9556
15.9929
15.912
15.9307
16.0054
15.9245
15.9431
15.8872
15.9867
16.559
16.4532
16.3226
16.3102
16.4843
16.5279
16.4346
16.4906
16.4968
16.9571
17.604
17.6849
17.6538
17.9399
17.6476
17.1375
17.3179
17.6289
17.6413
17.9773
17.7284
18.3505
18.6366
18.083
18.4127
17.7035
17.5667
17.5356
17.9337
17.293
17.7409
17.7284
18.0892
18.1576
18.1265
17.9275
18.0021
17.9835
17.9026
17.8404
18.1825
18.2826
18.095
18.3577
18.3577
18.0699
18.0825
16.6439
16.8315
17.0129
16.7252
16.3374
16.3499
16.6876
16.3061
16.3249
16.4062
16.3249
16.2623
16.1372
16.2498
16.0684
15.9496
15.7307
15.7307
15.8558
15.6994
15.7057
16.0934
15.887
15.9183
16.0809
16.1622
16.0497
16.0559
16.3874
16.2498
16.4124
16.5
16.6314
16.6439
16.6689
16.7252
16.9253
16.9128
17.138
17.113
17.0004
16.9816
16.9128
17.0191
17.1755
17.213
17.1192
17.1693
17.6008
17.6634
17.6446
17.6133
17.3006
17.2443
17.1567
17.3256
17.2256
17.3944
17.5758
17.7009
17.5195
17.8135
18.0136
17.6696
17.3319
17.457
17.2944
17.138
17.0692
16.8941
16.8628
16.9378
16.8252
16.9003
16.9816
16.8565
16.6314
16.8815
16.7439
16.55
16.6188
16.6439
16.8127
16.7002
16.5751
16.5938
16.7002
16.5063
16.4937
16.4937
16.4812
16.156
16.0872
15.8683
15.6931
15.8745
15.7369
15.7494
15.7182
15.568
15.4054
15.3241
15.1052
15.2678
15.7557
15.6556
15.8307
15.7619
15.5931
15.6869
16.1685
16.2317
16.1372
16.0059
15.9371
16.0184
15.9183
15.9558
15.7713
15.7369
15.9683
15.8433
15.9183
16.231
17.2256
17.0379
17.0254
16.6126
16.5625
16.3436
16.4812
16.4687
16.45
16.3374
16.1247
16.2185
16.2248
16.2248
16.3249
16.1748
15.9746
16.156
16.0246
16.0934
16.1935
16.1122
16.3249
16.3499
16.3812
16.4062
16.3311
16.3436
16.1935
16.231
16.5313
16.6376
16.5563
16.7439
16.8252
17.1411
17.0879
17.3688
17.7322
17.7322
17.6947
17.7009
17.7572
17.8698
17.6884
17.826
17.8635
17.9073
17.8698
17.5258
17.5758
17.2881
17.4257
17.4445
17.2631
17.5946
17.432
17.188
17.482
17.7134
18.0512
18.1387
17.532
17.9261
17.7885
17.876
17.8135
17.8198
17.8385
17.5571
17.5508
17.2193
16.9754
17.0004
17.3381
17.1442
16.8127
16.9003
16.9441
16.9191
17.1755
16.9629
17.0129
17.0879
17.0879
17.2824
17.2134
17.226
17.1256
17.1256
17.182
17.3263
17.0064
17.1632
17.1005
17.113
17.2448
17.0942
17.2134
17.0566
17.1005
17.2573
17.2573
17.1005
17.0127
17.157
17.1193
17.0566
17.1068
17.3012
17.3451
17.7215
17.64
17.8031
17.8972
17.6713
17.5584
17.6023
17.5835
17.5835
17.4392
17.5584
17.8219
17.6776
18.0032
17.916
17.4016
17.3326
17.502
17.6588
17.571
17.5459
17.6149
17.7153
17.8595
18.192
18.3865
18.3677
18.675
18.65
18.8068
18.8005
19.1142
18.9257
18.9606
18.8908
18.7443
18.5978
18.514
18.5908
18.5629
18.6815
18.7094
19.0165
18.9048
19.0025
19.0723
18.8908
19.0932
19.0025
18.8978
19.0165
19.0025
18.9188
18.9537
18.8141
18.8071
18.8908
18.8211
18.849
18.7373
18.8071
18.7722
18.6745
18.6466
18.6606
18.7303
18.6885
18.6675
18.6117
18.7024
18.6536
18.6885
18.3326
18.2279
18.3675
18.1302
18.0464
17.8999
17.9139
18.1581
18.1511
18.2209
18.2698
18.3395
18.4163
18.4652
18.2698
18.3675
18.2558
18.3116
18.193
18.186
18.1232
18.1511
18.1511
18.0531
17.9551
17.8361
17.6611
17.6401
17.7591
17.6751
17.6121
17.6961
17.6821
17.6191
17.6191
17.8291
17.7801
17.7171
17.8011
17.5631
17.5771
17.4371
17.2411
17.1781
17.0171
16.9401
16.7931
16.9261
16.9961
16.9401
16.7441
16.9121
16.9191
16.8841
16.9611
17.1291
17.2691
17.5701
17.4581
17.4791
17.7241
17.5281
17.3881
17.1221
17.2551
17.2411
17.0241
17.6681
17.4861
17.4931
17.3321
17.4931
17.1151
17.7101
17.6611
17.7521
17.6471
17.6611
17.6541
17.5771
17.4301
17.4371
17.5001
17.7101
17.8991
17.8781
18.0466
18.2011
18.0747
18.1519
18.0817
18.0536
18.187
18.3064
18.1168
18.1238
18.1098
17.857
17.8149
17.9132
17.8359
17.9132
17.857
17.7727
17.8078
17.7376
17.5831
17.5831
17.6323
17.6604
17.6042
17.7727
17.5831
17.5902
17.6042
17.6182
17.4427
17.3514
17.541
17.3444
17.3093
17.6182
17.7587
17.9834
18.0185
18.2362
18.1098
17.9413
18.3696
18.3907
18.5662
18.0325
18.0396
17.9342
18.0606
18.0817
17.9834
18.2011
18.826
19.135
19.1842
19.4931
19.0507
19.2052
18.9243
19.149
18.9946
19.1069
18.8322
18.9801
18.8886
18.8182
18.952
18.9238
18.8815
19.0365
18.9942
19.121
19.1421
19.283
19.1562
19.0294
19.0154
18.9097
18.7407
18.7196
18.7407
18.6491
18.5294
18.5012
18.3604
18.3111
18.1984
17.9519
17.8463
17.797
17.797
17.8463
18.0787
18.2688
18.1209
17.9589
17.5927
17.3744
17.4167
17.3181
17.2265
17.1913
17.1138
17.3181
17.3744
17.2758
17.304
17.6702
17.4589
17.4519
17.6772
17.6279
17.6844
17.5012
17.9801
18.0998
18.2829
18.635
18.621
18.7759
19.0224
19.0502
18.9872
19.0787
19.2126
19.2619
19.4238
19.5934
19.7558
19.8264
19.89
19.7134
19.7205
19.6075
19.6004
19.551
19.551
19.6993
19.7841
19.671
19.558
19.6004
19.558
19.5722
19.3885
19.1626
19.1342
19.0142
19
18.9506
18.9718
18.88
18.7811
18.8164
18.6893
18.6398
18.5551
18.4703
18.9577
19.0495
19.0636
19.0071
18.9718
19.0707
19.2755
19.1696
19.2049
19.0636
18.9506
19.0848
18.6539
18.6116
18.5621
18.6469
18.7175
19.6287
19.777
19.8829
19.8052
19.551
19.4521
19.1907
19.0283
19.0071
18.8305
18.8517
18.6398
18.8235
19.0495
18.9999
18.9219
18.8085
18.9361
18.8936
18.8723
19.17
19.0424
19.2337
19.1133
19.0849
19.0707
19.177
19.3117
19.1345
19.255
19.2125
19.2975
19.3897
19.3259
19.4889
19.7653
19.659
19.2408
19.0282
19.1416
19.1416
19.0637
19.1487
19.2975
19.2834
19.5314
19.5881
19.659
19.5314
19.3117
19.34
19.2267
19.2763
19.1841
19.0211
19.2904
19.1558
19.1558
19.2408
19.2125
19.2125
19.2054
19.3117
17.1148
17.214
17.0156
16.4203
16.6116
16.8667
16.8171
16.7392
16.8455
16.4557
16.4203
16.4699
16.3703
16.1711
16.2422
16.0501
16.2778
16.2137
16.7189
16.8896
16.8754
16.4699
16.1141
16.2351
16.1924
16.0074
15.7442
15.6802
15.73
15.6731
15.4454
15.3031
15.5663
15.7015
15.7229
16.043
16.0501
16.4201
16.2778
16.0074
16.2351
16.2635
16.477
16.6977
16.5766
16.8612
16.6122
16.7046
16.5766
16.7189
16.4343
16.107
15.8367
15.858
15.9932
16.1782
16.6477
16.2564
16.9821
17.0746
17.2311
17.3378
16.9821
17.2525
17.1173
17.0675
17.288
17.224
17.2809
17.2311
17.3165
17.3876
17.4019
17.3805
17.4517
17.5797
17.6368
17.6368
18.4151
18.6508
18.2938
18.3295
18.3794
18.458
18.5294
18.4508
18.4223
18.3509
18.4508
18.2866
18.2866
18.1581
18.2795
18.5008
18.5151
18.5508
18.8007
19.172
19.1292
19.1792
19.4077
19.2077
19.0364
19.2434
19.4219
19.5933
19.5648
19.529
19.5362
19.5433
19.9503
19.9361
19.9004
19.7932
19.7718
19.6647
20.1503
20.2574
20.3145
20.3074
20.3645
20.2002
20.3002
20.3145
20.1931
20.2145
20.2431
20.236
20.3716
20.5001
20.5716
20.543
20.5144
20.593
20.6715
20.6929
20.8929
20.8786
20.9571
20.9418
20.864
21.1148
21.0647
21.4157
21.4372
21.4372
21.3226
21.122
21.0575
21.1865
21.036
20.864
21.0145
20.8712
20.7709
20.6706
21.0647
21.165
21.0862
21.1721
21.5447
21.6307
21.4157
21.4874
21.559
21.4802
21.2366
21.4874
21.5089
21.4802
21.3942
21.3942
21.3584
21.2366
21.4444
21.4659
21.2509
21.9961
22.3615
22.3257
22.2827
22.211
22.2898
22.0104
22.0247
22.2755
21.817
21.9244
21.8743
21.8385
22.1107
21.8958
21.6307
21.2151
21.1435
21.0432
20.9644
20.7637
20.7351
20.8569
21.1373
21.1804
20.6628
20.7275
21.1013
21.1301
20.7778
20.9
20.0373
20.253
20.1954
19.9582
19.8071
20.0085
19.8503
19.6418
19.6131
19.7281
19.2105
19.6994
19.6131
19.649
20.0085
20.0157
20.5046
20.3249
20.1451
20.2889
19.9294
19.8719
19.951
20.0373
19.9438
20.0373
20.4902
20.5262
20.5405
20.4183
20.2098
20.519
20.5693
20.6556
20.7418
20.5621
20.6268
20.8641
20.6915
20.6987
20.8425
20.9216
21.6549
21.5255
21.707
22.0072
22.266
21.9713
22.0791
22.1079
22.1294
21.9856
22.2085
22.266
22.2876
22.4102
22.3453
22.2371
22.3958
22.1361
22.0568
21.7611
21.9847
22.2083
22.4391
22.1362
22.064
22.1542
22.0568
21.8476
21.3644
21.6745
21.6529
21.5303
21.9197
22.0135
21.9919
22.0063
21.9702
21.6457
21.7971
21.2706
21.2706
21.2922
21.5447
21.5158
21.2562
21.4509
21.6529
21.6312
21.6168
21.5447
21.1552
21.2706
21.6889
21.5086
21.6601
22.201
22.302
22.7276
22.4751
22.4968
22.2155
22.1506
21.624
21.1985
21.2057
20.91
21.1335
21.2922
20.8884
21.3067
21.3139
21.6384
21.1335
20.708
20.6503
20.4628
20.3397
20.1298
20.4483
20.4555
20.318
20.4266
20.4845
20.8536
20.622
20.2167
20.6944
20.593
20.7957
20.8536
20.6148
20.926
20.5858
20.6148
20.9405
20.9405
21.107
21.0201
20.7921
20.9405
20.7523
20.5714
20.7377
21.0491
21.3964
21.3531
21.3458
21.3241
21.5486
21.4978
21.3187
21.5051
21.5992
21.5992
21.7873
21.8815
21.6498
21.838
21.7439
21.9466
22.4967
22.5546
21.838
22.0841
22.3664
22.6198
23.1554
25.3559
25.0229
25.7467
26.6443
26.8252
26.8252
26.5864
26.3548
25.7105
25.146
24.4149
24.1615
25.0229
24.638
24.5146
24.7542
24.6598
25.11
24.8559
24.7688
23.9409
24.0063
24.471
24.3912
24.3984
23.9046
23.7957
24.7978
25.0883
25.0737
25.2407
24.7615
25.0302
25.5748
25.6401
24.9721
25.2262
25.2625
25.7926
26.1847
26.5623
26.5841
26.1194
26.2283
25.8507
25.5748
25.6837
24.9648
25.1318
24.2895
25.0084
24.9285
24.6235
24.9721
24.6889
24.1297
24.0426
23.97
23.2293
23.1858
24.1443
23.9192
23.7594
23.6723
23.3818
23.6723
22.1109
21.9223
21.109
20.7096
20.4192
20.7387
20.4845
20.5789
21.0291
20.6951
20.637
20.5353
20.5718
20.4843
20.1781
20.2948
20.6884
20.6009
20.3604
19.8282
19.6751
20.1125
20.4988
20.0979
20.3166
20.4479
21.3445
20.8707
20.8634
20.3823
20.6301
21.4466
20.8634
21.2716
21.2643
21.2424
20.8196
20.4479
20.3458
20.6884
21.5048
21.257
21.1404
21.257
21.257
20.9581
21.0602
21.2206
20.6155
20.4551
20.5937
21.1039
21.3008
21.8694
22.1755
22.0516
22.9264
23.1815
21.7454
21.1331
20.878
20.7905
21.432
21.3153
21.1987
21.6507
21.2935
21.3372
21.4247
21.8621
21.7892
21.8989
22.2795
21.9428
21.555
21.0429
20.6697
20.8307
20.5234
20.8087
20.6185
20.7136
20.7209
20.3405
19.982
20.1502
20.7063
20.1137
20.2746
20.4063
19.8429
20.6624
21.2697
21.1673
21.0721
20.8234
21.1673
20.6551
20.4649
20.2893
20.7429
20.3039
20.2161
20.1283
19.66
18.9357
19.0088
19.0454
18.9137
18.4601
18.621
18.4747
18.4015
19.1332
19.9454
20.1356
18.921
18.7601
18.8771
19.3381
18.6137
19.1405
18.6576
19.1039
19.1917
18.8186
18.6137
18.4967
19.1771
19.7698
20.0405
20.5819
20.4136
20.5746
20.421
20.421
20.3478
20.26
20.0698
20.0477
19.9669
20.4518
20.3195
20.033
20.2461
20.5252
20.0477
19.9081
19.7612
19.3572
18.8429
19.1882
19.1735
19.4233
20.0844
20.2901
19.7024
19.0927
18.0496
18.5564
18.483
18.6593
18.6887
18.8944
19.5482
20.1285
18.3728
19.6069
19.4527
19.2837
19.3351
18.2993
17.0652
16.9036
16.382
15.7943
18.7327
17.7043
16.6464
17.7704
17.5794
18.1597
17.1607
15.8163
16.3967
16.1322
15.5592
16.9697
16.8962
16.6244
16.404
16.617
17.2856
16.2204
15.3388
15.7943
15.6474
15.5739
14.9127
15.6106
14.7364
14.1928
14.5087
13.5252
12.9632
14.5531
15.2999
14.7823
15.152
14.9524
13.7618
14.1611
14.6936
14.1316
14.6936
15.5366
15.2334
15.2408
14.383
14.3164
14.0798
14.871
14.5383
14.2721
14.139
14.1833
14.2573
14.1759
14.1463
14.0206
14.3016
14.3756
15.0337
15.1742
15.3517
14.4274
14.8784
14.4347
14.3978
14.6566
14.1168
14.2277
14.5753
13.6657
14.3312
12.6526
12.7191
13.0371
13.0593
13.3403
13.0075
12.6452
13.185
13.6805
13.7766
14.0798
14.5383
14.3756
13.9023
14.2055
14.2425
14.1168
13.4734
13.4958
13.3394
13.4064
12.818
12.7882
12.6318
12.2296
12.0285
11.7604
11.8274
12.0062
11.3731
11.3805
11.2837
12.2743
12.7435
12.669
12.4009
12.103
12.5871
12.6318
12.7659
12.7063
13.6522
13.3096
13.317
14.0246
13.5032
13.0191
13.682
14.3821
14.3672
13.965
13.9724
13.9724
14.2927
14.6502
14.5906
14.4119
14.0246
14.7172
14.3001
13.8607
14.1288
13.9873
14.0916
15.5738
15.1939
14.8438
15.0822
15.0896
15.0747
15.0375
14.7396
14.7396
14.3895
14.464
14.3895
14.8141
14.7098
14.9407
15.0598
15.3429
15.2237
15.2762
14.8564
14.8039
15.2462
15.0888
15.3286
15.6584
16.0407
16.0407
16.2881
16.363
16.5954
16.5279
16.5504
16.9027
17.1126
17.4874
17.5548
17.5773
17.7497
17.6148
18.0421
17.4499
17.4949
17.5923
17.8322
17.5024
17.8847
17.8172
18.0196
17.5174
17.3899
16.8877
16.9102
16.8203
16.7828
17.4124
17.3225
18.0795
18.3194
18.207
18.3869
18.6117
18.5892
19.1589
17.5773
17.3225
17.5923
17.8397
17.8472
17.6298
17.8622
17.8172
17.8472
17.5848
17.6598
17.5548
17.3375
17.6373
17.7048
17.7587
17.4274
17.7722
17.825
17.8401
18.3978
18.5711
18.5711
18.5033
18.6088
18.6013
18.5787
18.0888
17.9833
18.1717
18.5561
18.7068
18.6767
18.8425
18.737
18.8425
18.9932
18.9932
19.0686
19.0384
19.0686
19.4228
19.3776
19.551
19.257
19.468
19.4077
19.3851
18.752
18.8123
18.5711
18.9254
18.9178
19.3475
19.257
19.3851
19.453
19.566
20.1313
19.973
19.8675
19.875
20.0333
20.0409
21.1186
21.6161
21.5483
21.1186
21.2694
20.9001
21.0131
20.7493
21.1488
21.4578
21.4955
21.8497
21.8648
21.9477
22.1286
22.3321
22.2643
22.709
22.7922
22.5424
22.4213
22.6635
22.6408
22.55
22.1185
22.2623
22.7165
22.5424
22.5803
22.6938
22.55
22.3835
22.4894
22.6105
22.5954
22.7922
22.7241
22.7846
22.4062
22.9815
23.1026
23.3297
23.4054
23.4659
23.5946
23.7611
23.4356
23.0723
23.4281
23.4356
23.2918
23.0511
23.2085
22.9133
22.7619
22.9739
23.4356
23.3599
23.5416
23.1518
22.7165
21.9217
22.1942
22.3305
22.4592
22.0731
21.3313
21.5054
21.5432
21.6719
21.0739
21.2102
20.9831
21.2026
21.1875
21.2859
21.142
21.5584
21.7409
22.0291
21.8777
21.8473
21.5432
21.7713
21.7485
21.8017
22.0679
21.642
21.642
21.7713
21.739
21.7713
21.9006
22.0298
22.1895
22.258
22.2732
22.334
22.5317
22.5165
22.5013
22.5089
22.7218
22.5469
22.8207
22.5545
22.5013
22.6382
22.2713
22.1743
22.258
22.296
22.3188
22.7522
23.0716
23.0564
23.1553
23.4366
23.4747
23.3226
23.6032
23.8473
23.826
23.8701
23.5431
23.6572
23.4557
23.5051
23.5758
23.2199
23.4671
22.9119
22.699
22.0374
21.4519
22.007
21.9614
22.3872
22.2352
21.9994
22.007
21.8454
21.5723
20.7091
20.5029
20.0675
19.9147
19.105
19.8612
19.7084
19.7772
20.2126
20.5182
19.7008
19.3189
19.1814
18.9369
19.0973
19.6015
19.4755
20.3062
20.1057
20.1439
20.1973
19.823
19.6855
19.3326
19.0973
18.7402
18.5702
17.8063
17.5772
17.6918
17.7758
18.1959
18.5626
18.6462
18.5397
18.9675
19.1966
19.4334
19.4869
19.0133
19.273
19.464
19.189
19.739
19.7161
19.9376
19.9834
19.823
19.8841
19.7161
20.1133
19.9834
19.655
19.38
19.5175
19.5633
19.1508
18.9904
18.7077
18.639
18.7154
18.9751
19.0596
18.7678
18.6065
18.6449
18.4606
18.5067
18.2917
18.3761
18.1534
18.0191
18.3531
18.3838
18.6526
18.3992
18.3761
18.4376
18.3147
19.2823
19.2208
19.2861
19.4512
19.3667
19.528
19.313
18.8983
18.7601
19.025
18.9924
18.9501
18.8138
18.8062
18.7217
18.3608
18.6987
18.7601
18.8369
18.8676
18.883
19.0673
19.4589
19.3744
19.6125
19.8275
19.2746
19.4358
19.5203
19.4877
19.3437
19.8889
20.0041
20.1807
20.4764
20.6952
21.0331
20.7567
20.8411
20.6184
20.5877
20.6952
20.6875
20.4879
20.173
20.1193
19.9427
19.7572
19.9639
19.8499
19.8809
19.4095
19.6027
19.51
19.5563
19.5158
20.1204
20.7772
20.8776
20.7385
20.7617
21.0399
20.924
21.1249
21.0515
21.3412
21.5189
21.6252
21.5595
21.488
21.6889
21.7797
21.8666
21.6889
21.6425
21.6116
21.5189
21.5653
21.6194
21.7024
21.6348
22.2684
22.0984
21.8048
21.7198
22.0598
21.7816
21.8666
22.1448
21.998
21.9072
21.6503
21.9284
21.9825
22.2375
22.307
21.4424
21.4223
21.629
21.5885
21.3644
21.4571
21.7874
21.8531
21.6116
21.2485
21.0553
21.0399
20.9549
21.0015
21.1492
21.0326
20.6673
20.6673
20.8072
20.6362
20.6595
20.3331
20.2689
20.3642
20.1718
19.9911
20.1387
20.1232
19.7501
19.96
19.9678
19.7346
19.2682
19.2604
19.276
19.6879
19.6607
19.8512
20.061
19.9133
19.7501
19.8123
19.9056
19.7346
19.8045
19.8589
20.0377
20.3253
20.3642
20.2631
20.1932
19.9289
19.9211
19.7579
19.719
19.4936
19.548
20.0222
19.8356
19.9056
20.3564
20.5041
20.7606
20.1465
19.9444
20.061
20.2553
20.0455
20.1077
20.0766
19.9522
19.7113
19.6802
19.4548
19.0972
19.1827
19.3157
19.3353
19.1593
18.9089
18.8933
18.9246
19.3001
19.3705
19.5661
19.1123
18.948
18.7016
18.7837
18.8229
18.729
18.7446
18.5451
18.8072
18.948
18.5725
18.772
18.9793
19.1436
19.3705
19.2844
19.2688
19.0106
19.7147
20.1841
20.0433
20.3406
20.3562
20.364
20.5987
20.943
21.0603
20.8334
20.763
20.8334
20.7083
20.9508
20.8021
21.5454
21.1698
21.1972
21.5375
21.8348
21.9678
21.3811
21.6862
21.4358
21.3341
20.9664
21.0603
20.2936
20.0902
19.1514
20.012
18.9324
19.7069
19.6365
19.9572
19.9572
19.8746
19.4219
18.9338
18.8787
19.4613
19.603
19.3432
19.8785
20.343
20.65
20.9413
20.6343
20.3115
20.0832
20.469
20.6422
20.2643
20.3824
20.5004
20.8626
21.2483
21.3507
21.4215
21.2405
20.4611
19.7289
19.7289
20.0281
20.2092
20.1344
20.036
19.5951
19.3117
19.9494
20.3824
20.7366
20.6658
21.209
21.2562
21.2247
21.3979
21.4688
21.2405
21.5003
21.3586
21.2877
21.3822
21.4058
21.1066
20.9334
21.453
21.2405
20.9649
20.4611
20.4768
20.8862
20.6658
21.0988
21.3822
20.6264
20.6894
21.1854
21.0673
21.209
20.6776
20.2572
20.0668
19.8289
19.6623
19.4085
19.2737
19.7258
19.702
20.2889
20.051
20.0034
20.3841
20.3524
20.3048
20.1462
20.3841
20.2334
20.4317
20.2969
20.2731
20.622
20.2493
20.6419
20.4317
20.4713
20.6458
20.6538
20.4793
20.6379
20.5903
21.2288
21.7325
21.9546
22.2916
22.0021
22.0815
21.9863
22.2084
22.4066
22.4106
22.3908
22.3035
23.5647
23.5805
23.2712
23.4457
23.3981
23.1839
23.4853
23.4219
23.7074
23.755
23.985
23.9533
24.0723
24.3182
24.4054
24.1873
24.2547
24.1516
23.9919
24.9779
24.95
25.1017
24.966
25.0458
25.1336
25.0298
25.445
25.3412
25.7803
25.6087
25.3891
25.1935
25.421
25.5568
25.5408
25.5807
26.0837
26.1636
26.2274
26.0278
25.7085
25.5408
25.4769
25.5448
25.5568
26.0198
25.964
25.7005
25.6446
25.7524
25.7803
25.5009
24.9181
25.1656
24.8302
24.3272
24.2274
24.7304
24.5987
24.8103
25.1017
24.8622
24.7584
25.8841
25.6446
25.4849
25.7085
25.6366
25.5328
25.5608
25.5568
25.3891
25.3572
24.7344
24.471
24.3512
24.5588
24.5428
24.8781
24.4949
24.2793
24.0302
23.8855
23.5239
23.9096
23.9177
23.3953
23.3631
23.3551
23.7569
23.5801
23.4596
22.8648
22.9452
22.9091
23.5882
23.4917
23.8293
23.2225
23.5399
23.4114
23.5801
24.1266
23.982
24.6731
24.858
24.2191
24.6731
24.0021
24.1266
24.2472
24.0382
24.5847
24.5606
24.7214
24.6731
24.2592
24.1106
23.9016
23.548
23.0095
23.6203
23.6605
23.8373
24.4722
24.645
24.203
23.5319
23.4274
23.1702
23.4355
23.9137
23.8212
23.6846
23.6364
23.4596
23.9096
24.0704
24.3195
24.3758
24.5124
24.4481
24.424
24.3758
24.4324
24.9016
24.9987
24.8693
24.9178
24.7075
24.4769
24.7237
24.8288
24.7803
24.7965
24.5295
24.934
24.5821
24.5861
25.3587
25.0392
24.8531
24.9097
24.9016
25.027
25.2495
25.2495
25.2212
25.1217
25.4437
25.2333
24.9016
24.5861
24.4041
24.4
24.0764
23.858
23.9955
24.1573
24.2949
24.1493
24.0926
23.6881
23.4454
23.4211
23.6234
23.8742
23.858
23.9389
23.8621
23.1703
22.6526
22.6906
22.5732
22.5555
22.8225
23.0894
23.8782
23.8659
23.9713
24.1573
23.5263
23.3079
23.3241
22.8305
22.102
21.8985
21.7522
21.6381
21.8068
21.7924
21.9882
22.6001
22.3431
22.0943
22.3227
21.9882
21.7149
21.5635
21.515
21.7598
21.8046
21.5843
21.9801
22.2901
22.2248
22.1188
21.874
22.1065
22.4859
22.2819
22.5838
22.3962
22.078
21.9148
21.9964
21.6619
21.7922
22.5349
22.233
21.8169
21.7761
21.6619
21.7842
21.5884
21.8903
21.9393
22.2003
22.0616
22.233
22.233
22.1514
22.5267
22.543
22.747
22.7723
22.8531
22.7225
22.3962
22.7878
22.388
22.4329
22.3064
22.2599
22.4777
22.7307
22.747
22.8694
22.8775
22.8531
23.0693
22.9253
22.6127
22.8348
22.514
22.514
22.876
22.8677
22.9911
23.1556
23.3202
23.1063
23.1474
23.0322
22.9253
22.9582
22.9623
23.1433
23.061
23.1145
23.1803
23.2914
23.1227
23.2379
23.1639
23.1597
23.3366
23.5299
23.534
23.6903
23.4929
23.5217
23.6081
23.5176
24.3566
24.9077
23.8014
23.6821
23.5998
23.8301
23.7109
23.6821
24.4841
25.3601
25.171
26.1251
26.2732
26.1498
26.8243
27.2274
26.9148
27.2768
27.5482
27.7621
27.4001
27.1369
26.8655
26.8901
27.1698
27.7703
28.0312
28.2258
28.8801
29.0541
28.8636
28.6648
28.2838
28.3824
29.0044
28.8884
29.0126
28.905
29.4764
28.9795
28.8056
28.9547
29.5427
29.3771
28.8553
28.9878
28.7518
28.4909
28.9878
28.9712
28.6482
27.7372
27.5508
27.9235
27.8863
28.4495
28.6731
28.611
28.4577
28.1099
28.1679
28.3335
28.4287
28.4495
28.7393
29.5551
29.5427
29.9568
30.0396
29.6007
29.3522
26.0062
26.5114
26.354
26.47
25.9979
26.1884
26.1221
26.3789
26.3706
26.2298
26.412
26.2547
26.1553
26.5553
27.2402
27.0829
27.2237
26.8841
26.9842
26.5171
26.5254
26.1859
26.3753
26.3669
27.0176
28.9861
28.4856
27.7433
27.5431
27.9852
27.86
26.5922
26.0208
26.0541
25.9849
26.4045
27.0176
27.3095
27.2678
27.5514
27.3604
27.468
27.7933
28.0602
27.3521
27.3095
27.0718
27.1135
27.3345
27.7516
27.76
28.0102
28.2938
28.2437
28.2604
27.7766
27.5347
27.5848
28.1603
28.469
28.7359
28.7693
28.8944
29.1279
29.1613
29.1863
28.8443
28.1603
28.127
29.8036
29.6701
29.6284
29.6451
29.5325
29.6326
29.9787
30.5626
31.8472
31.28
31.5135
31.3551
31.1632
31.8263
31.7146
31.5644
31.0298
30.8796
31.1654
31.4343
31.5772
31.636
31.3923
31.6024
32.0479
32.3168
32.1992
32.7287
31.9386
32.2412
32.5312
32.0311
31.6108
31.283
30.8376
31.0015
30.6947
30.7451
30.4678
30.93
30.7787
31.1654
31.468
31.3419
31.3419
31.4427
31.2326
31.0225
30.3669
30.6022
30.0559
29.8626
30.2913
29.4003
30.0727
30.8964
31.0057
30.577
30.4005
30.1988
30.3039
30.9342
30.2829
30.4846
30.8124
30.9805
31.8041
30.6611
30.5518
30.1064
30.4089
30.7283
30.93
31.2452
31.4932
31.6108
31.6192
31.6865
31.7627
31.9659
32.1607
31.9151
31.7881
31.7288
32.0591
32.4401
31.9913
32.5248
32.2708
32.3046
32.0929
32.0252
32.1945
32.4062
32.0845
31.9236
32.22
33.4901
33.253
34.1506
34.0067
34.2946
34.1591
33.6933
33.3292
34.1252
34.7095
35.0736
35.0143
34.7264
33.7611
33.7018
33.7187
34.2692
33.3292
33.2014
33.1768
33.6595
34.2099
33.8796
33.8204
33.8627
33.6087
33.7526
33.795
34.6079
34.303
34.2099
33.8712
33.6087
33.3885
33.0752
33.3843
33.5663
33.4817
33.8458
34.4639
34.3104
33.7647
33.9609
33.8926
33.833
34.4042
34.1911
34.2081
34.2678
34.1143
34.3957
34.9073
34.7794
34.3531
34.3787
35.1375
35.3677
35.1887
35.0522
34.8391
34.6003
35.1546
35.3848
35.5382
35.5127
35.3933
35.5382
35.8026
35.5937
35.8367
35.5724
36.0243
35.5553
35.7003
35.7258
35.6406
35.8026
35.6235
35.5297
35.5425
35.8878
35.9305
36.1948
37.5846
37.9683
38.1047
38.2283
38.2241
38.2582
37.8574
37.9427
37.4908
37.4183
37.157
36.8002
36.5444
36.9792
36.732
36.4421
36.8598
36.8343
36.8343
37.1071
37.5846
37.7466
38.19
38.4628
38.8891
38.5631
38.7948
38.7347
38.7519
38.6103
38.4945
38.5031
38.9749
38.6832
38.5717
38.8291
39.3867
39.8672
40.116
40.1846
40.3219
40.0602
39.6698
40.116
39.9101
40.0473
40.768
40.3733
39.9444
40.3905
39.4983
39.8157
39.8414
39.7728
39.3782
39.258
39.5412
39.5412
39.0607
40.1331
39.3353
37.7739
37.4479
37.5165
37.0789
36.6672
37.4307
37.8168
38.5031
38.0741
38.6232
39.5755
39.3867
39.8843
39.9958
39.5068
40.279
40.6993
40.8109
41.0597
41.7803
41.7631
41.9433
41.9262
41.8489
42.561
42.5353
42.4323
42.0806
41.6316
42.046
41.4244
41.0877
40.9841
41.2258
41.2776
41.977
41.8388
41.5108
42.1669
41.8043
41.1784
41.0877
40.492
40.7251
40.5351
40.2934
38.9897
39.4905
41.0273
41.1481
41.4244
41.8302
41.5626
41.3381
40.9668
40.5956
40.1035
40.3711
39.9955
39.4128
39.9135
41.0877
40.7424
40.233
40.0214
39.6761
39.266
39.9222
40.0517
39.6459
40.6906
40.7337
40.5869
36.8313
35.5621
36.2701
34.8801
35.6398
35.9161
36.1233
36.65
36.6155
36.5723
36.7795
36.5896
37.2025
37.876
37.8932
37.8498
37.8237
38.1324
38.3889
38.3367
38.2497
38.3063
38.128
38.1541
37.6324
37.4367
37.4846
36.8324
37.2585
36.5455
36.502
35.6673
35.9803
36.1368
36.2542
36.9542
36.7672
37.2846
37.2628
37.302
36.0499
35.8325
35.6238
35.6151
35.3499
35.4064
35.0326
36.1238
36.1107
36.0151
36.0673
36.276
36.3107
36.2151
36.7411
36.6585
36.1847
37.3063
37.0716
37.3759
37.6846
41.6234
41.7626
42.7408
42.6582
42.293
42.306
41.9452
41.3887
40.2409
40.6061
41.5191
41.1887
41.1713
41.4104
42.3625
41.993
41.7452
41.6408
41.6408
41.5008
41.0457
40.7744
41.6671
41.5271
41.0107
41.3345
41.0632
41.0019
40.5731
40.3806
40.0218
39.9517
40.7919
40.6431
40.2318
39.7986
40.1093
40.2318
40.8882
40.3456
40.4593
40.1793
39.9386
39.9517
39.6104
38.8315
38.639
38.8972
38.8578
38.849
38.7703
38.7177
38.9628
39.0416
39.8555
39.9255
40.048
40.8357
40.8007
41.0632
41.3783
39.8555
40.3543
40.2055
39.6892
39.6804
40.5119
41.0282
40.8707
40.9669
41.6058
41.6408
40.8007
40.9057
41.422
40.6169
40.9057
40.8969
41.1332
41.4133
41.6408
41.0594
40.2226
37.941
36.7165
35.6506
37.6239
38.6721
38.6986
38.3374
36.8398
38.1965
38.3198
37.5358
38.6633
37.941
38.1348
38.3022
37.9146
38.7426
39.0245
38.9805
38.3022
38.8571
38.6721
38.6457
38.681
38.7074
38.1348
38.2669
38.9364
39.2976
40.1433
41.077
41.1828
41.2268
41.7994
41.4999
41.403
41.3061
41.1211
41.4118
41.8522
41.9491
42.0813
41.5792
42.3103
46.5739
47.7896
47.2963
47.5518
47.0056
46.3713
46.8999
47.7015
47.9217
47.9041
48.3798
47.7103
47.1377
47.2611
46.9704
46.5475
47.3624
46.9792
47.7596
47.8395
48.0612
48.0612
48.1144
47.6177
47.8306
48.2031
48.9747
48.9658
48.0701
49.5867
49.498
49.4802
48.7618
49.019
47.9459
48.9037
48.957
49.7818
49.4004
48.008
48.6288
49.09
49.5068
49.3738
49.6221
50.1543
49.9414
49.2053
48.6022
48.8239
47.937
46.2696
46.4116
46.3849
46.8107
45.7996
47.1033
45.2231
44.8417
45.0457
44.7708
46.3761
45.9326
46.2696
45.4271
46.1677
48.8594
48.5224
47.0058
46.2608
46.1189
44.487
43.8218
43.7065
44.0879
44.0701
44.7885
45.6311
46.819
46.6135
46.2831
47.0244
45.7115
45.8722
46.5332
45.8186
45.4435
46.9619
47.2923
46.7564
46.4706
45.5775
46.1312
47.1941
46.4885
47.3995
47.4888
47.864
48.5427
48.8196
47.7746
48.1051
48.2927
48.2034
48.4177
47.8193
48.8643
49.168
49.3287
49.6324
49.5074
48.7303
49.2305
48.641
48.6053
48.507
48.8107
49.4359
49.4448
49.7038
50.4273
50.3648
49.6503
49.82
46.2474
46.5421
45.9437
45.4971
44.5682
44.5414
45.2024
44.461
44.5414
44.604
45.0059
44.7201
45.5686
45.5954
46.0062
45.6221
46.292
45.4346
45.7044
45.2637
45.5335
45.0028
46.4061
46.8828
46.6759
47.0627
47.6744
47.5395
47.2066
46.586
46.8918
46.8648
46.8108
46.433
46.3071
45.1018
44.8229
44.697
45.3266
45.0928
45.0388
46.0463
45.8664
46.6939
44.8229
43.5636
44.4721
45.4616
46.0283
46.0193
46.0283
46.2172
46.2172
47.0447
47.3056
47.8633
48.1331
48.34
48.304
48.5379
47.7553
50.292
50.193
50.8857
51.0296
51.0566
50.5438
50.5618
50.9846
50.8946
50.8946
51.2455
51.6233
52.136
52.2259
52.3519
52.19
52.4418
52.118
52.2799
51.9921
52.1007
52.1369
52.155
52.2002
52.3994
52.4537
52.6528
52.5261
52.5895
52.3994
52.0102
52.1278
52.2002
52.1459
52.1912
51.983
50.8787
51.6391
51.1684
50.924
51.7658
51.8201
51.5304
51.4218
52.2817
52.336
51.983
51.5033
52.4537
52.5261
51.9559
52.1369
51.974
51.811
52.1731
52.2636
52.3179
52.5352
51.7658
51.6934
51.5214
51.974
51.7929
52.1912
52.0735
51.8201
54.0015
55.2144
55.2054
54.8795
54.3998
54.1916
54.2368
54.1282
53.7933
53.5942
53.1416
54.6894
54.7347
54.4631
53.1326
53.4222
52.6076
53.6394
54.3501
55.2522
54.9879
55.4526
55.6895
55.0335
55.152
55.2248
55.6622
54.9059
53.9401
53.9857
54.8695
54.6235
55.9173
55.5893
56.464
56.6462
57.3843
57.1109
57.0198
56.7647
57.9674
57.8945
57.8945
57.9036
57.6212
57.6576
57.3934
57.3114
56.6189
57.0198
56.7647
56.7647
57.2567
57.0745
57.0563
57.5756
57.0471
57.1291
56.9743
56.9469
56.7647
57.1656
57.366
57.8763
58.0221
58.5597
59.9355
59.3432
58.9059
57.931
57.5574
58.0221
57.9856
57.7943
57.7123
58.3683
58.3136
58.9697
59.1883
59.1517
59.1425
59.2342
59.115
58.9959
59.2342
59.2342
58.8767
58.6475
59.5275
58.675
58.895
58.9134
59.0325
59.5733
59.335
59.5183
59.3167
59.0417
59.3533
59.2525
59.4633
59.5183
58.8584
59.61
59.4633
59.5642
59.6742
59.8483
60.0133
60.2333
60.3708
60.0867
60.2517
60.0958
60.2517
60.2058
60.0683
60.0225
59.7933
59.5367
60.0225
59.94
59.6192
60.0408
60.8658
61.9016
62.2591
62.1766
62.58
62.7541
63.625
63.5241
63.3225
63.075
63.2491
63.1941
63.2858
63.5333
62.7541
62.6808
62.7266
63.9824
62.2034
62.4154
62.3969
63.0975
63.3095
63.3925
64.176
64.4894
64.9043
64.3788
64.6185
66.1487
66.628
66.8493
66.7294
66.3238
64.8213
64.3235
65.1255
64.7752
64.4341
64.5263
65.3283
64.4434
64.7752
64.766
65.6417
65.0149
63.7981
64.342
63.1344
63.54
62.8394
63.6783
63.2081
64.0285
64.5079
64.5171
65.5864
66.1579
67.0889
67.6144
67.5683
68.0845
68.4163
68.02
67.8448
68.3887
68.2596
67.4392
67.3286
67.0152
66.9046
66.6096
66.5082
66.9967
66.7386
67.0981
66.8032
65.8261
66.8308
67.8356
67.854
68.2525
67.0941
67.1775
66.8624
67.7984
67.3907
67.3629
67.4833
67.4926
67.6965
68.5861
69.2904
68.5213
68.2154
68.0208
68.8919
68.5583
69.2812
69.207
69.6982
69.2904
69.7909
69.6519
69.9113
69.448
68.7715
68.9568
67.8911
67.8911
68.4379
68.4564
69.031
69.1422
68.8178
69.2163
70.4025
70.4303
70.699
70.699
70.8195
71.4682
71.8111
71.9594
71.9038
71.9223
72.2003
73.0344
73.0529
73.0807
72.8676
72.988
77.6679
77.7421
77.0841
77.0841
77.8903
77.9737
78.2796
78.0942
78.363
77.9274
77.7235
77.7791
77.8903
77.288
77.4929
76.7478
76.8688
77.9772
77.4091
77.5488
78.1169
79.0576
77.6233
78.3964
78.4802
75.5183
75.9933
77.1017
76.8316
78.387
79.3836
79.7096
79.4954
78.8807
80.8925
80.4548
79.9425
79.6537
79.6351
79.6444
79.542
79.8307
79.84
79.6724
80.0543
80.4268
81.1347
82.1406
82.2244
82.1685
81.796
82.0381
83.4539
82.2896
83.9568
83.9196
83.8264
85.326
85.5961
85.5216
85.9966
87.6079
87.4776
86.3785
88.4928
87.7942
85.4843
81.9636
85.0652
83.4632
79.1787
82.1313
83.0161
83.6681
84.9721
86.7031
86.0856
86.7593
85.6084
85.8329
88.0131
89.2857
88.1441
87.7418
86.8809
87.0681
87.6201
87.3207
87.826
88.3594
90.3337
90.5489
88.3406
87.8166
88.1254
88.5184
86.9184
87.1429
86.5347
84.0176
81.5754
87.7511
83.7182
83.6434
85.4025
82.8293
83.9428
86.3944
86.4411
84.4294
84.9346
86.909
85.9546
87.564
87.0961
88.1161
89.8939
90.2401
89.9313
88.8927
89.2202
87.1336
86.3756
88.2003
89.66
87.5079
88.8927
87.4985
88.0225
89.0424
90.0343
89.6506
90.708
91.6156
91.4191
91.7279
91.0636
91.2975
90.3859
90.5551
91.7204
91.6264
92.7165
92.3876
92.4346
92.1057
92.9891
92.8857
94.7182
95.5452
96.0339
96.3158
94.8028
95.5076
94.9625
95.2069
94.7746
95.3103
94.098
94.784
94.784
95.7331
95.0471
94.3611
92.4628
93.1112
91.664
92.6883
92.6695
93.9852
93.083
93.7503
95.0659
95.7144
95.9681
95.8365
97.9134
99.0787
98.59
99.5674
98.7874
98.1107
99.8681
101.4657
101.1743
104.1534
103.0163
101.1931
99.0223
99.6895
99.8775
101.0898
101.5315
101.616
102.3209
102.8941
103.0633
102.4336
101.6912
102.9599
101.569
101.5502
101.4936
100.8237
99.9841
101.003
101.4747
102.2672
103.3993
104.0219
105.6824
105.6163
105.9748
105.3899
102.3521
102.5879
102.0879
103.1917
104.9465
105.3899
106.522
106.956
105.7956
106.805
105.3805
107.1447
107.7956
108.1824
107.9749
107.5315
107.9372
107.8994
109.0693
108.6353
108.6542
106.4088
105.7861
104.5786
105.9088
100.1539
99.9181
103.371
101.5124
104.7201
104.4465
102.3615
102.5125
103.4276
101.9842
96.5312
102.1728
100.9086
97.9746
97.8614
100.7671
99.9275
100.1539
101.4275
101.6256
105.6258
105.4276
103.371
100.8237
100.8898
99.4652
101.6541
102.6111
99.1336
96.3762
97.7027
97.6648
100.8865
101.5214
105.2927
104.4115
105.0748
106.2118
102.829
103.4639
99.3231
101.9478
102.8954
103.3597
103.7103
100.4696
97.4943
98.5176
98.2523
96.1867
93.0787
89.1937
95.2865
95.874
95.1254
96.2435
95.8171
92.2922
96.5846
96.7078
97.409
98.8019
98.1671
97.409
96.6983
99.5031
99.8537
100.5549
102.0615
100.138
101.114
100.6307
101.5498
99.5694
97.5417
100.8013
98.9535
97.3901
100.1948
101.5972
100.4696
99.7495
100.1285
99.7305
101.2845
101.2087
101.294
102.5448
102.4974
101.9668
104.1174
105.602
106.192
106.9247
106.7439
106.6107
107.0865
106.8296
106.2967
106.3442
105.05
105.1642
107.372
108.1238
108.9612
109.0469
110.303
111.8827
111.9588
111.8351
114.4045
111.3879
111.9684
112.2063
111.1214
111.2737
112.2348
113.2626
113.4243
114.1666
113.5861
114.0905
114.1285
113.51
114.376
114.5092
115.0992
115.1944
114.9279
115.8795
117.4021
117.7733
119.372
118.9628
122.9025
123.6067
123.4925
124.2824
121.694
120.1048
122.6646
121.9509
119.4481
119.4386
119.4291
120.9803
117.3831
118.6964
120.3617
123.141
122.3197
120.5527
121.2022
121.9376
120.5145
120.5718
120.4954
119.3302
120.0847
118.1268
114.4592
117.6301
120.1802
122.0809
125.5001
126.6463
126.1687
125.5861
126.3788
126.503
126.885
129.0913
129.5975
130.8009
130.82
131.5937
127.439
127.9165
128.1267
127.9452
129.588
130.4476
131.288
130.906
130.8105
130.3329
131.6605
132.1858
132.6634
132.6634
130.9251
130.1515
130.2947
130.4858
132.2145
133.0359
134.4017
133.8955
134.9938
134.6977
134.0483
130.1515
131.8611
130.7532
126.2738
128.6424
129.2059
132.6538
131.5268
129.693
132.3769
127.9643
127.6778
130.0178
132.1954
131.097
132.5583
131.5937
127.4008
129.3683
129.6453
129.4734
131.9184
131.6701
129.9318
131.4504
133.7618
132.8544
131.3453
129.97
130.0082
131.3453
131.1543
130.2088
131.2212
132.3004
134.736
133.1791
132.8926
131.2116
133.1027
133.2747
131.5459
132.7875
130.9156
128.6042
130.161
131.9184
130.9633
129.5784
132.033
132.8544
133.4084
133.2842
135.2183
134.1056
133.4179
131.2403
132.2145
130.247
131.0779
133.6567
134.4112
137.7159
136.4169
138.117
136.9327
137.267
138.0597
137.9737
137.5917
137.7827
139.4064
139.5497
140.4666
140.6958
141.4121
143.2363
143.5897
143.6375
143.3892
143.255
143.3604
144.9321
145.6988
145.9767
145.0759
143.3221
143.0921
143.6096
143.6862
145.4305
145.0567
144.8363
145.3825
146.8584
148.0947
149.053
148.248
147.9413
149.2255
150.8547
150.8547
150.826
152.0623
152.3402
151.0273
151.1327
153.9311
152.0144
152.4073
151.0177
153.4231
155.3399
154.6211
156.4803
155.3782
156.3845
159.2499
160.1412
159.5662
158.7995
159.777
158.167
155.5219
158.5695
161.0421
165.5847
163.1409
167.118
172.619
172.4082
175.9828
176.232
180.8417
176.7591
177.0179
176.0595
177.6312
179.4329
179.9696
177.2212
171.6188
164.2194
161.5094
163.5275
152.0055
155.686
166.0452
158.0884
163.8926
159.7797
155.2632
144.7406
154.6385
147.6331
133.6318
152.6301
130.1339
140.8487
134.9195
137.1394
131.9886
130.6721
142.5496
141.185
150.0163
143.8565
153.9755
151.5538
146.1724
149.1995
147.8253
158.8187
157.1082
158.6842
158.6938
159.0494
166.9197
165.1707
170.1293
171.6284
168.2266
161.2692
166.7467
164.7287
167.7365
167.256
163.1815
170.5041
172.2146
167.7557
171.859
173.7041
175.4146
176.4332
177.4711
179.4507
175.3858
172.7335
173.4831
176.0104
177.6921
176.4621
178.9029
176.7541
176.8312
174.9618
175.193
174.798
176.5806
176.1759
178.1802
178.6138
176.2626
180.3869
181.5047
182.8922
189.676
179.4907
180.9072
182.0635
186.525
187.1707
189.175
188.0475
193.2703
194.5615
190.6396
193.0486
189.1846
191.2178
196.1033
197.25
198.7532
203.0316
200.6708
205.0841
206.5198
205.8935
199.5337
200.7671
200.4684
196.4983
195.4962
203.8988
201.1526
204.0434
195.1686
193.9737
196.4309
194.6675
196.6333
196.4791
197.5487
208.659
205.5273
205.1901
208.476
204.7468
200.6708
195.978
201.5765
201.1044
201.2971
202.6269
203.7928
202.5594
207.2733
205.7664
206.4136
209.0989
213.6195
218.8646
221.1153
217.8504
219.5311
223.762
209.9006
206.9545
195.7591
204.0953
198.3769
197.0825
198.4155
201.6708
198.0678
196.0006
193.5664
195.6432
200.3571
193.7596
196.2711
200.7434
202.3083
200.2025
203.168
205.2254
199.1689
203.2163
198.8985
202.685
203.4095
208.4614
213.861
215.2713
213.3394
212.1803
212.1803
206.9255
207.3409
207.4858
207.5727
208.8671
202.9265
205.9885
195.7785
197.749
195.5756
195.4404
199.4008
209.0216
215.6867
216.102
210.9535
203.8248
209.1762
208.104
209.1375
209.833
207.1573
204.4334
205.7312
203.7651
203.4939
207.1258
207.1355
208.4527
207.3292
209.4018
208.5883
207.4939
207.6101
207.5423
209.2081
205.1307
203.891
206.5447
207.4551
207.3873
212.3752
212.5107
211.7069
215.5809
216.8884
214.0604
215.7359
217.8763
217.0918
214.6996
215.4163
210.8352
211.0386
205.5665
211.4163
212.7045
210.6415
208.1621
209.5277
206.3123
205.9539
209.6246
217.2758
217.886
218.8351
222.3024
225.0142
225.5663
231.4064
224.6559
232.1037
231.9681
235.3482
234.3894
234.5734
234.8349
236.094
235.1739
236.7913
237.2756
236.0262
237.0528
236.6548
233.9174
227.6464
226.4427
227.6853
222.288
225.5788
230.0053
227.0252
220.8998
220.0941
224.8216
220.7348
226.9378
225.6176
230.1897
228.8501
227.9376
230.7528
230.1024
223.9674
223.6082
229.0831
230.6266
228.5686
225.5399
229.5588
228.3551
225.0643
228.8696
235.257
241.7803
240.6057
242.586
245.838
248.3619
248.4201
250.9246
248.1095
251.905
253.1087
251.1673
250.7013
252.9534
249.6432
253.5067
253.895
254.3027
247.1096
245.1196
244.7993
244.4886
240.5378
239.2564
242.421
245.0711
239.9456
239.0234
232.005
235.9171
240.8872
238.0041
235.9656
236.548
239.8172
238.5426
244.001
244.9156
244.6918
242.5707
242.9307
240.7123
240.6151
239.068
244.0107
246.9491
245.7426
246.735
250.2864
250.9188
252.8647
251.3761
250.4226
253.8474
252.4172
255.5307
258.3328
258.1042
259.4809
257.8561
261.456
264.0636
263.5771
264.2582
270.1446
270.1544
272.363
269.9209
270.4268
269.8236
273.3846
274.8733
273.4333
273.1608
269.5219
271.7695
273.7933
278.4051
281.8397
281.2365
278.7943
278.483
278.7554
277.2084
277.1208
279.3586
278.7651
281.6938
281.6354
280.5359
278.697
279.1932
281.9759
284.9338
286.6365
285.1575
283.4159
289.304
296.703
296.9857
295.0068
294.4121
291.5656
292.1798
295.9524
294.2854
294.2367
293.5738
293.564
292.6282
292.6574
289.7719
288.2706
289.5184
292.248
297.1515
297.5414
292.326
286.8961
287.3835
291.0684
292.0238
291.8191
286.7694
276.3873
276.8552
274.8276
281.8269
275.9876
281.4955
285.7361
287.4323
287.4323
286.8279
285.5118
288.8555
295.1335
296.5568
299.5593
300.4757
299.6763
302.942
301.3823
300.3782
302.3084
315.0398
316.1901
323.2772
321.0838
324.7492
325.5974
327.976
327.6055
328.5121
327.4983
322.4779
324.0669
328.2489
327.6153
330.9687
331.193
333.2927
335.0897
331.8864
329.7866
330.0112
321.9736
328.7612
322.8623
322.3643
321.7881
315.4595
318.5652
327.0911
327.14
325.3137
334.533
331.4664
320.6649
326.8274
317.3053
316.2311
312.432
319.6395
325.4113
326.8665
334.4451
333.2732
333.9568
331.3883
328.4584
326.9251
321.3193
308.9845
306.5429
306.6992
306.9238
307.6172
310.8303
297.6752
302.949
295.5755
296.2396
294.55
289.1102
289.4422
281.7464
289.7743
292.8311
301.0543
303.7107
301.5426
306.1328
294.2082
298.7885
293.9152
297.4408
303.9354
295.3118
288.1433
288.1043
293.4464
293.1046
284.5219
281.7817
281.5761
274.2852
288.2994
290.9614
292.4098
288.6517
293.7799
289.601
283.6704
272.9543
269.9596
282.3395
279.4916
274.0895
270.537
281.0183
288.1037
288.916
294.0147
292.7719
297.5672
293.0948
297.6064
297.1953
304.0654
308.6749
307.158
301.7265
302.8128
308.2442
304.2416
293.1046
294.9347
290.6286
279.1687
276.037
281.4783
273.8546
274.5299
279.2078
280.2452
274.8137
268.1785
274.7256
264.4498
277.1722
283.4454
271.5939
278.3955
275.763
283.7879
271.4276
268.8635
258.9303
263.7452
254.9863
249.8974
255.5441
255.916
261.1224
249.2612
248.3391
247.7701
255.7066
254.6962
257.5412
260.8571
268.0579
266.7138
267.2534
269.3724
264.8989
263.653
267.3319
265.2815
259.7681
248.1919
237.6654
239.8531
246.9852
240.324
242.9532
248.9277
248.3292
253.9506
262.6229
259.8662
251.6157
255.324
251.9591
254.6569
257.8649
261.1612
263.3096
262.5837
259.4934
248.859
247.927
249.2612
251.8512
249.428
254.6079
257.2959
259.8172
255.4221
253.9211
247.1226
263.6432
271.1677
275.4156
272.7374
269.6079
277.1128
278.2704
277.5445
275.0036
276.946
283.6759
281.5765
286.3738
287.9042
287.1586
286.4032
285.2726
281.3205
273.0622
271.7743
271.1353
274.1437
263.5653
260.7535
258.5317
257.057
256.0051
251.7383
248.9757
253.734
254.1568
259.9965
262.1496
247.737
247.9631
241.2386
240.6094
240.3931
238.358
234.9171
236.9128
233.9045
233.4424
232.4199
237.0013
233.4916
228.9692
236.6769
244.6795
244.9941
242.6248
230.2866
225.3808
221.6056
221.9399
230.2866
224.7024
233.521
234.4747
232.4888
232.1643
238.0336
243.077
246.4294
227.4159
222.923
231.8891
228.2122
224.319
216.3852
210.634
217.6535
224.0241
225.0072
220.7208
238.8791
242.9394
237.4732
237.8861
238.3187
238.2694
237.8159
238.6342
241.5721
244.0861
243.9974
238.3483
236.9384
251.5394
251.0958
251.4211
246.6692
241.6608
240.9214
243.9087
241.9566
248.9466
253.2943
253.5901
245.4959
241.2369
237.0567
238.3877
240.9806
234.8286
235.361
233.616
231.2203
237.6088
236.4356
236.199
225.8669
219.1727
221.7558
223.9149
225.6204
232.4428
235.1441
235.854
236.9582
232.4822
228.657
236.83
239.1567
238.6243
237.2145
244.5002
244.6579
239.2849
244.3129
249.1832
260.8659
254.7041
253.1464
263.7842
262.9659
259.8998
259.3871
267.4911
268.3291
266.1897
259.1031
255.0606
249.7333
248.5867
251.8088
246.3234
247.2524
246.521
243.4076
248.1914
252.3228
253.8844
251.1961
250.7513
249.3873
245.7007
250.9687
257.7589
262.3548
272.9898
276.1822
269.0659
270.5979
269.1252
274.4328
277.309
273.1677
272.031
277.2497
280.7485
284.9491
283.8916
283.8422
281.0352
288.2108
286.0265
279.5427
280.195
286.4712
282.8142
285.4433
285.0183
285.0974
282.7846
282.4387
278.495
272.2188
291.937
301.287
303.6888
302.0085
301.8603
300.862
301.8603
307.0394
305.0626
303.4318
308.6801
306.5056
305.3789
305.8632
308.1167
311.0225
315.4997
315.3214
318.1344
312.2706
310.8739
322.8295
329.7334
328.0693
325.2761
329.4263
332.2196
332.7545
330.5159
320.3136
322.1758
323.6912
328.7033
331.1201
334.1412
344.7992
339.0839
334.8445
330.397
336.4887
331.8432
325.4841
331.3975
332.6653
331.8729
337.3109
334.785
334.9435
338.0339
334.0223
328.6835
329.3174
334.0025
339.4108
341.9663
342.4516
356.0812
351.713
343.5808
340.5102
341.8375
347.6519
334.5671
327.584
335.1614
332.7347
333.1507
324.3945
323.5625
324.6719
326.9798
322.9583
319.1745
319.8678
317.9661
320.9673
318.808
318.0354
314.5414
314.1443
319.5045
320.0802
324.5867
317.6086
320.5963
321.311
325.9863
326.3635
325.3411
326.2344
331.0883
330.4233
327.4752
331.803
335.4459
329.3215
333.5798
336.2003
327.7829
326.6315
326.2245
318.4027
317.1718
314.6704
315.1965
309.8363
310.4816
311.3253
313.4197
319.4251
311.0771
316.6011
317.0031
324.8448
327.3859
325.9664
329.9667
328.716
325.3113
330.1851
329.6093
327.6737
328.8748
324.2591
326.8896
328.0906
338.1558
325.4701
327.3759
334.8206
335.6147
343.5159
345.7493
350.1963
353.8987
357.8692
360.5195
358.028
366.9418
363.9738
367.5373
367.6862
374.1513
367.8653
375.4145
371.068
375.8223
375.4046
376.5783
380.6463
376.817
376.8766
372.5003
367.1591
370.5209
366.8209
368.9594
372.2218
369.3075
372.371
372.361
363.9663
368.7405
370.6502
371.257
368.6311
371.5355
372.5699
372.6495
372.0626
373.2661
374.022
368.8798
368.6112
365.9655
365.7765
372.6793
373.7734
380.7159
382.5659
386.3853
388.1757
387.38
391.7564
396.5306
394.3822
396.7594
400.3997
402.6973
401.7624
407.5213
406.3974
395.4465
401.6132
409.0133
403.4731
403.314
411.8281
411.8878
418.2932
413.0316
404.1396
408.0385
405.1189
402.6278
401.3623
400.7544
410.1909
408.8855
406.0954
406.0356
406.2748
412.1738
414.0272
413.4493
401.2228
400.6647
407.6898
404.7801
403.0861
413.808
413.6286
423.7128
414.944
415.8408
419.9163
423.7227
427.8481
427.2203
421.3611
420.1554
419.9362
419.2287
423.0651
419.9462
418.9597
416.3988
424.0117
423.085
424.769
421.7597
426.4132
420.4045
412.1738
413.1105
410.3802
402.837
397.7053
399.5388
406.1253
407.61
397.6256
404.8798
400.8242
387.95
393.5401
396.4298
405.2185
412.0742
407.889
409.0848
410.8585
413.2699
412.2535
415.0835
422.3277
420.2414
419.4628
424.5837
428.2771
429.7545
426.2407
429.3951
429.5548
428.4069
413.9326
414.3918
412.7847
415.3302
423.256
423.7651
423.0963
427.1092
431.9106
440.2757
440.7948
441.783
447.5727
445.5463
444.9075
448.9802
446.874
450.1481
451.356
452.0448
446.1552
455.9179
458.4633
459.9507
466.7286
465.4109
458.7229
465.4209
453.8915
452.7435
453.1528
448.7207
442.7313
439.5869
436.3327
442.1524
444.059
428.1373
417.656
424.5138
425.9712
422.168
417.6061
416.3683
407.7636
394.4474
398.8994
397.7215
401.9739
405.298
406.0866
413.2738
416.1187
421.03
418.47
421.53
424.8
424.14
415.55
416.79
413.49
413.84
410.6
413.12
417.14
409.44
408.9
408.39
401.7
405.72
414.2
423.04
427
430.59
431.34
435.15
430.81
438.69
435.27
433.51
429.17
432.11
431.31
428.02
430.3
420.69
417.13
416.54
416.06
409.54
414.71
417.46
415.84
416.32
