0.0377
0.0416
0.0384
0.0383
0.0381
0.0363
0.0371
0.0342
0.0349
0.0368
0.0379
0.0366
0.0352
0.0348
0.0378
0.0399
0.0402
0.038
0.0386
0.0399
0.0402
0.0421
0.0454
0.044
0.042
0.0422
0.0419
0.039
0.0381
0.0403
0.0409
0.0422
0.0415
0.0397
0.039
0.0406
0.0393
0.0396
0.0401
0.0402
0.039
0.0366
0.0363
0.0368
0.0401
0.0412
0.0378
0.0404
0.0392
0.038
0.0371
0.0402
0.0409
0.0402
0.0385
0.0369
0.0359
0.0368
0.038
0.0363
0.0356
0.0362
0.0347
0.033
0.0313
0.0347
0.0344
0.0344
0.0349
0.0352
0.0332
0.034
0.0333
0.0335
0.0335
0.0353
0.0363
0.0363
0.0344
0.0361
0.0378
0.0361
0.0332
0.0325
0.0324
0.0326
0.0325
0.0323
0.0326
0.0328
0.0316
0.0324
0.0326
0.033
0.0338
0.0344
0.0345
0.034
0.0325
0.0325
0.0335
0.0325
0.0313
0.033
0.0324
0.033
0.0323
0.0328
0.0332
0.0336
0.0366
0.0347
0.0372
0.0373
0.0366
0.0374
0.0406
0.0424
0.0426
0.0409
0.0411
0.042
0.0409
0.0402
0.039
0.0372
0.0372
0.0373
0.0374
0.038
0.0384
0.0385
0.0389
0.0379
0.0379
0.0385
0.0385
0.0385
0.0392
0.0419
0.0439
0.0434
0.0417
0.0419
0.0428
0.0524
0.0514
0.0483
0.0479
0.0478
0.0471
0.0497
0.0496
0.0538
0.0513
0.0507
0.0511
0.0508
0.0507
0.05
0.0507
0.049
0.0476
0.0479
0.0468
0.0466
0.045
0.0406
0.0416
0.0381
0.0347
0.0368
0.0402
0.0369
0.0368
0.0366
0.0373
0.0409
0.0458
0.0428
0.045
0.0438
0.0432
0.042
0.0411
0.0409
0.0387
0.0372
0.0385
0.0403
0.0412
0.0392
0.043
0.0411
0.0392
0.0423
0.045
0.0478
0.0525
0.0558
0.054
0.0556
0.0548
0.0543
0.0581
0.0612
0.06
0.0658
0.0683
0.0685
0.082
0.0819
0.076
0.0736
0.0732
0.0705
0.0662
0.0696
0.0747
0.0729
0.075
0.0725
0.0757
0.0734
0.0726
0.0723
0.0711
0.0689
0.0684
0.072
0.078
0.0813
0.0832
0.0887
0.0854
0.0851
0.088
0.0887
0.0898
0.0895
0.0872
0.0845
0.0788
0.0801
0.0827
0.0794
0.0774
0.0806
0.0841
0.0876
0.0868
0.0866
0.0856
0.0818
0.0811
0.0777
0.0736
0.0715
0.0709
0.0726
0.0746
0.0758
0.0776
0.0728
0.0763
0.0782
0.0942
0.0956
0.111
0.1066
0.1115
0.1155
0.1289
0.1253
0.126
0.1248
0.1171
0.1162
0.1224
0.1189
0.1108
0.1126
0.1119
0.1594
0.1607
0.1919
0.2257
0.2856
0.2106
0.202
0.1801
0.1911
0.1909
0.1815
0.1828
0.186
0.1783
0.1665
0.1541
0.1439
0.1431
0.1616
0.149
0.1435
0.1754
0.1835
0.1963
0.1789
0.1682
0.1508
0.1443
0.1316
0.1383
0.1628
0.1551
0.1542
0.1466
0.1626
0.1609
0.1741
0.1705
0.176
0.1692
0.1664
0.1685
0.1762
0.1698
0.1674
0.1509
0.1573
0.1526
0.1631
0.1798
0.2114
0.197
0.1953
0.2081
0.2064
0.2037
0.2009
0.2018
0.2102
0.2158
0.2244
0.2517
0.2571
0.2443
0.2334
0.2351
0.2418
0.2355
0.2428
0.2426
0.2489
0.2866
0.3043
0.3003
0.3307
0.3128
0.2833
0.3174
0.2726
0.2621
0.2243
0.2432
0.2339
0.2087
0.2214
0.2226
0.2341
0.253
0.2602
0.2846
0.2824
0.2793
0.2738
0.2563
0.2633
0.2666
0.2382
0.2348
0.2173
0.2018
0.2066
0.2296
0.225
0.2296
0.2396
0.2439
0.263
0.2573
0.2496
0.2525
0.2465
0.2489
0.2724
0.2793
0.2846
0.2946
0.2991
0.2709
0.2867
0.2944
0.2869
0.2984
0.2977
0.3003
0.3037
0.3042
0.3047
0.2836
0.2989
0.2812
0.2697
0.268
0.2679
0.2654
0.2712
0.2554
0.2633
0.2547
0.2656
0.2702
0.2896
0.2965
0.3128
0.3223
0.3133
0.3058
0.2894
0.286
0.2793
0.2618
0.2676
0.2473
0.2494
0.2396
0.2492
0.2434
0.2257
0.2221
0.2437
0.2664
0.2604
0.252
0.2301
0.2398
0.2343
0.2178
0.2377
0.2377
0.2559
0.2726
0.2936
0.2738
0.2657
0.2379
0.225
0.226
0.2674
0.2638
0.2473
0.2425
0.2238
0.2195
0.2081
0.22
0.2126
0.1967
0.1846
0.1549
0.1703
0.1729
0.1841
0.1578
0.1549
0.1903
0.1903
0.1851
0.1707
0.159
0.1432
0.1479
0.1368
0.122
0.1067
0.1341
0.1287
0.1373
0.138
0.1254
0.1145
0.1497
0.1669
0.1419
0.1554
0.1585
0.1695
0.1836
0.1798
0.1657
0.1717
0.2046
0.1992
0.1913
0.2103
0.2095
0.1884
0.1944
0.1953
0.1997
0.1975
0.1985
0.1794
0.1791
0.18
0.1717
0.1707
0.1695
0.165
0.17
0.1825
0.2159
0.2276
0.2049
0.2142
0.2234
0.2079
0.2033
0.1911
0.171
0.1845
0.1667
0.1683
0.1846
0.1994
0.2061
0.1915
0.1846
0.2066
0.2183
0.2291
0.2281
0.2413
0.2188
0.2351
0.2587
0.2563
0.2702
0.2604
0.2606
0.2645
0.2484
0.2379
0.2458
0.2205
0.2408
0.2398
0.2282
0.2497
0.2648
0.2688
0.2622
0.2751
0.2956
0.321
0.3327
0.3151
0.2928
0.3063
0.2822
0.3022
0.3187
0.3485
0.3405
0.339
0.3436
0.3591
0.3331
0.3175
0.3068
0.299
0.3015
0.3123
0.3271
0.3329
0.3302
0.3451
0.3554
0.3524
0.3576
0.3508
0.3364
0.3302
0.3275
0.3457
0.3403
0.3582
0.3597
0.38
0.3702
0.3593
0.3713
0.3588
0.3581
0.3636
0.3493
0.3302
0.3444
0.3509
0.3493
0.3486
0.3587
0.3476
0.3517
0.3549
0.3391
0.3434
0.3185
0.3087
0.2986
0.3011
0.3005
0.3163
0.3097
0.2848
0.3008
0.2903
0.295
0.2865
0.2594
0.277
0.2743
0.3022
0.3099
0.3025
0.3095
0.3284
0.3362
0.334
0.3437
0.3386
0.33
0.3242
0.3238
0.3374
0.3285
0.3288
0.3427
0.3205
0.3183
0.3116
0.3244
0.3172
0.3263
0.3376
0.3332
0.3224
0.3214
0.3241
0.3016
0.308
0.2954
0.2985
0.2898
0.2601
0.2444
0.2414
0.221
0.2064
0.2296
0.2206
0.2126
0.2009
0.2102
0.1924
0.1827
0.2187
0.2471
0.2517
0.2574
0.2462
0.2621
0.2905
0.3094
0.308
0.339
0.3191
0.3325
0.3394
0.3475
0.3413
0.3564
0.3773
0.3504
0.3219
0.3214
0.328
0.356
0.3609
0.3622
0.3871
0.3874
0.3807
0.4071
0.418
0.4146
0.403
0.4052
0.4016
0.3928
0.3818
0.3769
0.3822
0.4095
0.4139
0.393
0.4102
0.4181
0.4117
0.4449
0.4808
0.4732
0.4587
0.4633
0.4799
0.4948
0.4806
0.5023
0.5203
0.5069
0.4931
0.4736
0.4942
0.5065
0.5189
0.5309
0.5181
0.5119
0.515
0.5487
0.5327
0.5184
0.5245
0.5173
0.5049
0.4826
0.4573
0.5
0.4805
0.4973
0.4882
0.4759
0.4849
0.5023
0.501
0.5202
0.4948
0.5007
0.503
0.4907
0.4676
0.463
0.4746
0.4592
0.4417
0.4661
0.4759
0.4698
0.4756
0.4388
0.4098
0.4312
0.4017
0.382
0.4119
0.4208
0.4067
0.3903
0.428
0.4519
0.4508
0.4366
0.4331
0.446
0.4408
0.4177
0.4101
0.3874
0.4038
0.4038
0.3952
0.356
0.3749
0.3716
0.3524
0.3596
0.3482
0.3394
0.3338
0.3251
0.3312
0.3296
0.3221
0.3329
0.3119
0.2947
0.2817
0.2807
0.292
0.3047
0.3083
0.3032
0.2825
0.2839
0.2724
0.2485
0.2582
0.2324
0.2711
0.2664
0.2712
0.2602
0.2506
0.241
0.2471
0.2755
0.2637
0.2439
0.2587
0.2844
0.29
0.2905
0.2997
0.3029
0.2798
0.2911
0.2734
0.268
0.2574
0.2671
0.2632
0.256
0.241
0.2531
0.2494
0.2495
0.2472
0.2451
0.2341
0.2139
0.2116
0.2156
0.2175
0.2164
0.1825
0.1808
0.1734
0.1766
0.162
0.1536
0.1307
0.1315
0.1312
0.1229
0.1335
0.1453
0.1497
0.1423
0.1384
0.1525
0.1523
0.1675
0.163
0.1491
0.1453
0.1387
0.1323
0.1224
0.1302
0.1152
0.1126
0.1157
0.1241
0.0847
0.0766
0.0715
0.0658
0.0692
0.0677
0.0721
0.0704
0.0704
0.0689
0.0736
0.0787
0.0818
0.0968
0.0925
0.0974
0.0941
0.0879
0.0886
0.0836
0.0784
0.0793
0.0774
0.0725
0.0721
0.0693
0.0709
0.0708
0.0809
0.0849
0.0822
0.0809
0.0758
0.0746
0.0725
0.0701
0.0705
0.0674
0.0679
0.0717
0.0679
0.0655
0.0655
0.069
0.0689
0.0656
0.0623
0.0592
0.0575
0.0564
0.0593
0.0674
0.0654
0.0722
0.0662
0.0712
0.0719
0.0784
0.081
0.0843
0.08
0.0849
0.0854
0.0817
0.086
0.0911
0.1079
0.1197
0.1149
0.1238
0.1113
0.087
0.0802
0.0876
0.0901
0.096
0.1031
0.1069
0.1084
0.1139
0.1235
0.1203
0.1246
0.1213
0.1307
0.1311
0.1301
0.1215
0.107
0.108
0.1081
0.0995
0.1078
0.1072
0.1054
0.1013
0.1073
0.1071
0.0989
0.0968
0.0981
0.0988
0.0968
0.095
0.0914
0.0882
0.0881
0.0942
0.0942
0.1018
0.1015
0.0914
0.093
0.0947
0.0939
0.0946
0.0917
0.0855
0.0823
0.0802
0.0803
0.0825
0.0778
0.0767
0.0778
0.0794
0.0777
0.079
0.0805
0.0769
0.0776
0.0782
0.0747
0.0756
0.0742
0.0746
0.0755
0.0921
0.0974
0.0983
0.0983
0.0984
0.0996
0.099
0.0942
0.0962
0.0966
0.095
0.0942
0.0957
0.0941
0.0956
0.0929
0.0936
0.0962
0.1057
0.1027
0.1087
0.1078
0.1083
0.1093
0.1083
0.1043
0.1073
0.1103
0.1071
0.1028
0.0986
0.1015
0.1052
0.1066
0.1025
0.1035
0.1025
0.102
0.1025
0.1014
0.1031
0.1026
0.1026
0.1044
0.1071
0.1085
0.111
0.1077
0.1037
0.1068
0.1101
0.1092
0.1103
0.1217
0.1246
0.1248
0.1228
0.1229
0.1635
0.1589
0.1559
0.1558
0.1611
0.1627
0.1522
0.1546
0.16
0.1605
0.1597
0.1738
0.1734
0.1852
0.2002
0.1892
0.1931
0.1976
0.2033
0.1971
0.1947
0.1976
0.1977
0.1947
0.1796
0.1834
0.1878
0.195
0.1831
0.1812
0.1748
0.1744
0.1755
0.1758
0.1726
0.1753
0.1825
0.182
0.1799
0.1917
0.1895
0.1939
0.1859
0.1869
0.1855
0.1794
0.1772
0.1683
0.1627
0.1602
0.1629
0.165
0.1586
0.1611
0.1562
0.1459
0.1443
0.1461
0.1509
0.1566
0.1561
0.1497
0.1477
0.1186
0.125
0.1276
0.1284
0.124
0.1236
0.1272
0.137
0.1351
0.1387
0.1397
0.139
0.1367
0.1409
0.1372
0.139
0.1378
0.1351
0.1364
0.1429
0.1495
0.1587
0.1478
0.1459
0.1481
0.1456
0.1501
0.1519
0.153
0.1518
0.1458
0.1472
0.136
0.1341
0.129
0.122
0.1222
0.1232
0.1251
0.1284
0.1274
0.1285
0.124
0.1258
0.128
0.1293
0.1317
0.13
0.1316
0.1275
0.1303
0.1343
0.132
0.1314
0.1309
0.1316
0.1399
0.1399
0.1373
0.135
0.1378
0.1383
0.1388
0.139
0.1664
0.166
0.1618
0.164
0.1641
0.1544
0.1527
0.1505
0.1547
0.1506
0.1512
0.1603
0.1631
0.1632
0.1624
0.1647
0.1641
0.1624
0.1615
0.1563
0.1575
0.1493
0.1525
0.1603
0.1595
0.1562
0.1584
0.1553
0.1589
0.1612
0.1615
0.168
0.1668
0.174
0.1813
0.1817
0.1775
0.1766
0.1823
0.1898
0.1914
0.1921
0.1949
0.1971
0.1869
0.1856
0.1858
0.1887
0.194
0.185
0.1807
0.1767
0.1836
0.1732
0.1727
0.1676
0.1703
0.173
0.1724
0.1677
0.1703
0.1742
0.1729
0.1793
0.1856
0.18
0.1783
0.1803
0.1803
0.1802
0.1847
0.1783
0.1712
0.1722
0.1733
0.1703
0.1728
0.1696
0.1673
0.171
0.1698
0.1639
0.1628
0.1604
0.1592
0.1625
0.1589
0.1657
0.1697
0.1716
0.1696
0.1683
0.169
0.1766
0.1869
0.1863
0.1944
0.2002
0.202
0.1984
0.2012
0.2084
0.2
0.1989
0.2046
0.2008
0.1961
0.1971
0.1868
0.1807
0.1804
0.1728
0.173
0.174
0.1778
0.1709
0.1694
0.1687
0.1641
0.157
0.155
0.1649
0.1663
0.1676
0.169
0.1624
0.1663
0.1641
0.1646
0.1646
0.162
0.1646
0.1642
0.1618
0.1622
0.1617
0.1687
0.1722
0.1727
0.1794
0.1793
0.1779
0.1693
0.1676
0.1717
0.1686
0.1608
0.1592
0.1542
0.1565
0.154
0.151
0.1512
0.1485
0.1527
0.1553
0.154
0.1549
0.1536
0.1589
0.1566
0.1494
0.1474
0.1387
0.1394
0.1351
0.1293
0.1263
0.1261
0.1205
0.1197
0.1162
0.1175
0.1198
0.1126
0.1149
0.1119
0.1087
0.1123
0.1095
0.1167
0.118
0.1195
0.1133
0.1145
0.1114
0.0722
0.0754
0.0813
0.079
0.0771
0.0803
0.0796
0.0839
0.0895
0.0892
0.0945
0.0966
0.093
0.0969
0.0972
0.099
0.0957
0.0953
0.0972
0.1012
0.0981
0.0963
0.0943
0.1037
0.1077
0.1097
0.1102
0.1041
0.108
0.1124
0.1123
0.1152
0.1099
0.1109
0.1075
0.1056
0.1071
0.1097
0.1111
0.1157
0.119
0.1163
0.1168
0.1175
0.111
0.1112
0.1096
0.1089
0.1056
0.1027
0.1045
0.1038
0.1051
0.1074
0.1016
0.1021
0.1109
0.1139
0.1127
0.1107
0.1131
0.1147
0.1158
0.1179
0.135
0.1364
0.1356
0.1356
0.1383
0.1385
0.1406
0.1401
0.1425
0.1443
0.1451
0.1492
0.1498
0.1504
0.152
0.149
0.1464
0.1501
0.152
0.1586
0.1662
0.1745
0.1766
0.175
0.1784
0.1735
0.177
0.1786
0.181
0.1764
0.1745
0.1758
0.1761
0.1765
0.175
0.1741
0.1756
0.1749
0.1803
0.1804
0.1719
0.1735
0.1719
0.1686
0.169
0.1637
0.1624
0.1641
0.1646
0.1672
0.1634
0.1637
0.1641
0.1575
0.1602
0.1623
0.1753
0.1751
0.1754
0.1787
0.1886
0.1866
0.1973
0.195
0.1969
0.19
0.1944
0.2001
0.1959
0.1976
0.197
0.1952
0.2163
0.2191
0.2119
0.2175
0.2207
0.2218
0.2213
0.2148
0.2119
0.211
0.2131
0.2023
0.197
0.197
0.1925
0.198
0.194
0.1907
0.1888
0.1849
0.1913
0.1879
0.1919
0.1923
0.1901
0.1859
0.1859
0.1818
0.18
0.179
0.1758
0.1785
0.1818
0.1794
0.1759
0.1781
0.1706
0.1693
0.1634
0.1622
0.1679
0.1628
0.1719
0.1702
0.1729
0.1721
0.1655
0.166
0.1678
0.1672
0.1663
0.1716
0.1749
0.1773
0.1806
0.1735
0.1706
0.1744
0.1938
0.1945
0.1967
0.1981
0.1977
0.2012
0.2059
0.2088
0.2061
0.212
0.2106
0.2074
0.2093
0.2171
0.2165
0.2145
0.2093
0.2078
0.2165
0.2141
0.2188
0.2059
0.2053
0.2064
0.2059
0.209
0.211
0.2108
0.2141
0.2073
0.2056
0.2069
0.205
0.2045
0.2054
0.2086
0.2142
0.2126
0.2153
0.2185
0.2173
0.2176
0.208
0.2058
0.2006
0.2034
0.2064
0.2029
0.1976
0.1988
0.2029
0.2071
0.2087
0.2071
0.2102
0.213
0.213
0.2108
0.2162
0.2169
0.2164
0.2132
0.2162
0.2292
0.235
0.231
0.231
0.225
0.2234
0.2216
0.223
0.2232
0.2247
0.2213
0.2217
0.2296
0.2348
0.2348
0.231
0.2329
0.2403
0.2432
0.2463
0.2455
0.2529
0.2498
0.2543
0.2544
0.2508
0.2557
0.2535
0.2467
0.2503
0.2524
0.2532
0.2547
0.26
0.2623
0.2695
0.266
0.2572
0.2563
0.253
0.2465
0.2435
0.2464
0.2451
0.2451
0.2475
0.2434
0.2413
0.243
0.2444
0.2511
0.2527
0.2458
0.2406
0.2481
0.2567
0.2536
0.2683
0.2651
0.2606
0.2595
0.2547
0.2661
0.2563
0.2605
0.266
0.2666
0.2657
0.2775
0.2769
0.2818
0.2893
0.2885
0.2913
0.2898
0.2715
0.2766
0.2799
0.28
0.2748
0.2759
0.2764
0.2742
0.2781
0.2821
0.2858
0.2831
0.2795
0.282
0.2773
0.2771
0.2766
0.285
0.2872
0.289
0.2917
0.2852
0.2797
0.2925
0.3006
0.3074
0.3125
0.3212
0.3213
0.3329
0.3282
0.3253
0.325
0.3267
0.3449
0.3352
0.3371
0.3388
0.3358
0.3473
0.3539
0.3499
0.344
0.3443
0.3338
0.3368
0.3463
0.334
0.3436
0.3378
0.3359
0.3371
0.3377
0.3442
0.3612
0.3632
0.3555
0.3549
0.3495
0.3494
0.3635
0.3606
0.3743
0.3749
0.3762
0.3754
0.369
0.3671
0.369
0.3626
0.367
0.3772
0.3832
0.3702
0.3732
0.3703
0.3886
0.3775
0.3845
0.3975
0.4082
0.4145
0.4368
0.4397
0.4381
0.443
0.4638
0.4675
0.4684
0.4672
0.4591
0.4479
0.466
0.453
0.4542
0.4435
0.4463
0.4456
0.4296
0.4427
0.4424
0.4394
0.4464
0.4472
0.4729
0.4723
0.4753
0.4723
0.4787
0.4766
0.462
0.4518
0.4357
0.4029
0.4088
0.398
0.382
0.3647
0.3723
0.3673
0.3633
0.368
0.3661
0.3668
0.3515
0.3517
0.37
0.3647
0.3494
0.34
0.3339
0.3278
0.3299
0.3087
0.3039
0.3128
0.3402
0.3315
0.3215
0.3165
0.32
0.3107
0.3108
0.3079
0.2981
0.3146
0.3289
0.3258
0.3306
0.3157
0.3059
0.2964
0.2836
0.2931
0.279
0.2718
0.2704
0.2726
0.2874
0.2999
0.294
0.2719
0.2993
0.3099
0.3099
0.3143
0.3469
0.3388
0.3252
0.3501
0.3722
0.3671
0.3628
0.3725
0.3723
0.3697
0.3581
0.3563
0.3905
0.4186
0.412
0.4187
0.4032
0.4026
0.4023
0.4065
0.4052
0.4192
0.4381
0.4472
0.4455
0.4268
0.4362
0.4143
0.4225
0.4239
0.4305
0.4418
0.4453
0.4436
0.4524
0.4695
0.4573
0.4739
0.4701
0.4562
0.4726
0.4626
0.4612
0.4525
0.4528
0.4414
0.4331
0.4756
0.4622
0.4733
0.5038
0.4923
0.4951
0.4971
0.5168
0.5159
0.4961
0.483
0.4922
0.4865
0.4833
0.4974
0.502
0.5179
0.4955
0.5015
0.5336
0.4925
0.4891
0.4989
0.514
0.5218
0.5295
0.5401
0.5271
0.5509
0.5564
0.5473
0.5543
0.5558
0.561
0.5523
0.5618
0.5659
0.5404
0.5505
0.5586
0.5661
0.5439
0.5659
0.5601
0.5593
0.5459
0.544
0.5534
0.5477
0.5541
0.5639
0.5739
0.5838
0.5922
0.5855
0.5805
0.5667
0.5665
0.574
0.5699
0.5664
0.5522
0.5495
0.5151
0.5189
0.5088
0.5339
0.532
0.5391
0.5401
0.5287
0.485
0.4879
0.4879
0.488
0.5032
0.4856
0.4816
0.4619
0.4707
0.4691
0.475
0.4874
0.4954
0.513
0.533
0.5261
0.4997
0.5107
0.5203
0.5134
0.5165
0.5007
0.5052
0.4977
0.5009
0.4997
0.492
0.4772
0.4744
0.4686
0.4556
0.4402
0.4661
0.453
0.4717
0.4669
0.4642
0.4446
0.4424
0.438
0.4339
0.436
0.4339
0.4586
0.4687
0.4635
0.4645
0.4557
0.447
0.4392
0.4404
0.44
0.4383
0.4374
0.4729
0.4643
0.4596
0.4513
0.4642
0.468
0.4655
0.47
0.4758
0.4824
0.488
0.4801
0.4981
0.5067
0.513
0.5061
0.5033
0.5087
0.5027
0.5122
0.5159
0.5056
0.5095
0.5117
0.5023
0.5378
0.5324
0.5277
0.5344
0.5255
0.5359
0.5376
0.5405
0.5261
0.5072
0.5151
0.5206
0.5218
0.5301
0.5338
0.5367
0.5526
0.5567
0.5508
0.5593
0.5613
0.5555
0.5688
0.5789
0.6053
0.6056
0.6094
0.61
0.6577
0.6675
0.6499
0.6198
0.6365
0.6426
0.6322
0.6585
0.6596
0.6666
0.6698
0.6893
0.696
0.6929
0.7063
0.702
0.7147
0.7117
0.6986
0.6978
0.6902
0.6971
0.6787
0.6755
0.6789
0.6772
0.6962
0.7003
0.6951
0.692
0.651
0.6565
0.6669
0.6977
0.706
0.6732
0.6659
0.6917
0.6625
0.6515
0.6899
0.6871
0.7243
0.7408
0.7346
0.7384
0.7551
0.709
0.7493
0.745
0.7829
0.8071
0.801
0.8045
0.7751
0.7773
0.7938
0.7626
0.7628
0.7403
0.7387
0.8034
0.7887
0.7842
0.7917
0.8119
0.8223
0.8418
0.8443
0.8319
0.867
0.8587
0.8223
0.8259
0.8477
0.8615
0.8464
0.8473
0.8096
0.8294
0.8353
0.8429
0.9077
0.907
0.8583
0.8989
0.9033
0.8728
0.7965
0.7897
0.7711
0.7993
0.8122
0.8122
0.8434
0.8434
0.87
0.8287
0.7767
0.7658
0.6893
0.7502
0.7385
0.7286
0.7449
0.6946
0.6893
0.682
0.6937
0.6776
0.7068
0.7541
0.7603
0.724
0.7346
0.7339
0.772
0.7876
0.7777
0.7862
0.7871
0.8142
0.792
0.805
0.764
0.7835
0.7908
0.8073
0.8071
0.8213
0.8324
0.8066
0.7986
0.7809
0.7578
0.7518
0.6887
0.6175
0.6306
0.6632
0.6494
0.6209
0.6623
0.6136
0.5443
0.5349
0.5702
0.5436
0.5516
0.5939
0.5727
0.5658
0.5833
0.5782
0.5645
0.6166
0.5973
0.5599
0.558
0.5636
0.5737
0.5755
0.5968
0.6203
0.519
0.5112
0.5036
0.5
0.4887
0.5124
0.5121
0.5165
0.5245
0.5048
0.491
0.4853
0.4805
0.486
0.4554
0.4488
0.4231
0.4371
0.4251
0.4522
0.4205
0.41
0.4355
0.4054
0.4251
0.4598
0.4665
0.4515
0.4451
0.4518
0.4543
0.4821
0.4674
0.4586
0.4311
0.4414
0.4389
0.4476
0.4564
0.4254
0.4111
0.4159
0.4325
0.4265
0.4366
0.4561
0.4476
0.4692
0.458
0.4625
0.4543
0.4637
0.4717
0.4935
0.517
0.5041
0.5172
0.5052
0.5039
0.5172
0.5025
0.4922
0.5066
0.5459
0.5603
0.5486
0.5344
0.53
0.5429
0.5305
0.5362
0.5413
0.5399
0.567
0.5693
0.55
0.5564
0.5704
0.5523
0.5438
0.5117
0.4878
0.4908
0.4892
0.4825
0.4708
0.457
0.4559
0.4536
0.4442
0.4589
0.4614
0.4378
0.4426
0.4297
0.4304
0.4139
0.2867
0.2778
0.2762
0.2713
0.2706
0.2679
0.2557
0.2585
0.2599
0.2608
0.2654
0.267
0.2612
0.269
0.2532
0.2654
0.2647
0.2674
0.2635
0.2626
0.2488
0.2429
0.2569
0.2638
0.2596
0.2525
0.2578
0.2541
0.2814
0.2984
0.2975
0.3035
0.3081
0.3232
0.3127
0.3124
0.3078
0.3005
0.3028
0.3016
0.2902
0.2828
0.2677
0.264
0.2679
0.2569
0.2481
0.2484
0.2364
0.2339
0.2135
0.2201
0.2296
0.25
0.2619
0.2564
0.2491
0.2582
0.2633
0.2683
0.2318
0.2459
0.239
0.2142
0.2073
0.1802
0.1662
0.1696
0.1589
0.1563
0.1848
0.1807
0.1611
0.1768
0.1756
0.1791
0.1653
0.1591
0.1501
0.1517
0.16
0.1841
0.1901
0.1981
0.2011
0.1937
0.2061
0.1953
0.1749
0.2002
0.1873
0.1791
0.1685
0.1823
0.1646
0.1611
0.1559
0.143
0.1354
0.1465
0.1561
0.1605
0.1747
0.1715
0.1568
0.1655
0.174
0.1625
0.169
0.1634
0.1793
0.1963
0.188
0.1974
0.191
0.2038
0.2139
0.1942
0.1956
0.1841
0.1816
0.1772
0.1724
0.1779
0.1841
0.1852
0.1999
0.2036
0.2105
0.1979
0.1928
0.182
0.1747
0.1756
0.1678
0.1738
0.1834
0.1655
0.1735
0.1703
0.177
0.183
0.1937
0.2018
0.1901
0.1825
0.1924
0.1947
0.2002
0.2149
0.2266
0.2236
0.2139
0.1871
0.191
0.1908
0.1797
0.1846
0.1703
0.1747
0.1667
0.1816
0.1836
0.1896
0.1901
0.174
0.1809
0.1942
0.1896
0.1926
0.1905
0.2077
0.2135
0.2261
0.225
0.2162
0.227
0.2341
0.2314
0.2188
0.2346
0.2236
0.2282
0.2424
0.2401
0.2247
0.2263
0.2321
0.2429
0.2599
0.2605
0.2516
0.2619
0.2764
0.2674
0.269
0.2615
0.2681
0.27
0.2537
0.253
0.2605
0.2564
0.2624
0.253
0.2537
0.2498
0.2635
0.2679
0.2823
0.2709
0.2654
0.2463
0.2123
0.2165
0.2061
0.1928
0.1956
0.2006
0.2128
0.2169
0.2234
0.222
0.2254
0.2376
0.238
0.2413
0.2394
0.2511
0.2491
0.2413
0.25
0.2486
0.2472
0.2608
0.269
0.2656
0.2642
0.2599
0.2527
0.2589
0.2539
0.2566
0.2422
0.241
0.2491
0.2621
0.2656
0.2656
0.2592
0.2603
0.2502
0.2422
0.2316
0.2321
0.2371
0.238
0.2408
0.2459
0.256
0.2693
0.2771
0.2805
0.2748
0.2817
0.2984
0.2975
0.2989
0.2993
0.2934
0.2957
0.2968
0.3048
0.3069
0.3076
0.3012
0.3147
0.3044
0.2973
0.3083
0.3175
0.3081
0.2952
0.306
0.3026
0.3145
0.3198
0.3108
0.3136
0.3172
0.3216
0.3381
0.3333
0.3221
0.3267
0.3345
0.3469
0.3565
0.3664
0.3781
0.3746
0.3684
0.376
0.3659
0.3498
0.3494
0.3478
0.3485
0.343
0.3384
0.3329
0.3404
0.3342
0.345
0.3205
0.3179
0.3163
0.3216
0.3191
0.3211
0.3253
0.3216
0.3205
0.32
0.3106
0.3035
0.3145
0.3147
0.3071
0.3092
0.3019
0.298
0.2879
0.2759
0.2881
0.2745
0.2771
0.2757
0.275
0.2817
0.3021
0.309
0.3014
0.3099
0.309
0.3113
0.3156
0.3152
0.3104
0.298
0.2961
0.2984
0.2966
0.3
0.2936
0.2998
0.3058
0.3149
0.3175
0.3273
0.3694
0.3514
0.3602
0.3537
0.3491
0.3597
0.3592
0.3882
0.3863
0.3861
0.3999
0.4104
0.4162
0.4153
0.4086
0.4137
0.4286
0.4288
0.4244
0.4306
0.4334
0.4249
0.4258
0.4199
0.4056
0.4111
0.4047
0.3928
0.4001
0.3984
0.3914
0.3778
0.3843
0.3721
0.3822
0.3694
0.3533
0.3804
0.3843
0.3875
0.365
0.3723
0.3716
0.3687
0.3758
0.393
0.3983
0.4056
0.4095
0.3827
0.3806
0.3813
0.3721
0.3799
0.3765
0.3719
0.3868
0.3866
0.3817
0.3824
0.3941
0.3884
0.4029
0.4038
0.3946
0.396
0.3939
0.4076
0.4155
0.4008
0.396
0.4024
0.4107
0.3969
0.398
0.398
0.4031
0.4047
0.3994
0.3953
0.4013
0.3914
0.3939
0.3875
0.39
0.3971
0.4054
0.4104
0.4134
0.3916
0.3898
0.3912
0.3811
0.3827
0.3774
0.3811
0.3703
0.371
0.3822
0.3606
0.3567
0.3386
0.3329
0.326
0.3205
0.3342
0.3306
0.337
0.3363
0.2975
0.2982
0.2883
0.2929
0.286
0.2922
0.2837
0.2913
0.2927
0.3099
0.3016
0.2888
0.292
0.2915
0.2776
0.264
0.2566
0.2504
0.2605
0.2665
0.2608
0.2737
0.2702
0.2805
0.2823
0.2757
0.2654
0.2683
0.255
0.2543
0.2548
0.2406
0.2344
0.2383
0.2353
0.2328
0.244
0.2367
0.2376
0.2419
0.2507
0.2532
0.2461
0.2307
0.2401
0.2461
0.238
0.2419
0.2378
0.2422
0.2401
0.2325
0.2096
0.211
0.2107
0.2052
0.2139
0.2167
0.2192
0.2213
0.2122
0.2039
0.2057
0.2155
0.21
0.2128
0.2139
0.2268
0.2289
0.2254
0.2231
0.2277
0.225
0.2323
0.2213
0.2141
0.2158
0.2197
0.2272
0.2293
0.2369
0.2337
0.2312
0.2442
0.2419
0.2424
0.2425
0.2422
0.2458
0.2592
0.2615
0.2667
0.2814
0.2753
0.2748
0.2727
0.2682
0.2605
0.258
0.2599
0.2475
0.2456
0.2493
0.2481
0.2529
0.2603
0.2562
0.2592
0.2608
0.2591
0.2592
0.2546
0.2709
0.2734
0.2725
0.2764
0.2766
0.2759
0.2764
0.282
0.2842
0.2846
0.2894
0.2906
0.289
0.2925
0.2895
0.3044
0.3007
0.2918
0.2966
0.3058
0.3157
0.3159
0.3085
0.3161
0.3122
0.3156
0.3124
0.3262
0.3301
0.3395
0.3331
0.3439
0.3469
0.3412
0.3431
0.3344
0.335
0.3276
0.328
0.3299
0.3285
0.3413
0.345
0.3425
0.3443
0.343
0.343
0.3441
0.3535
0.3632
0.362
0.3898
0.4437
0.4561
0.4736
0.4662
0.5361
0.5369
0.5415
0.5288
0.5144
0.5149
0.51
0.5677
0.5502
0.5633
0.5617
0.5454
0.5491
0.5617
0.5872
0.5761
0.5893
0.5647
0.548
0.5346
0.5238
0.5388
0.5305
0.5176
0.5367
0.5895
0.5883
0.5328
0.5075
0.5199
0.5307
0.5202
0.497
0.4763
0.4791
0.4764
0.4699
0.4488
0.4394
0.4114
0.4143
0.4178
0.4054
0.4024
0.41
0.4045
0.4077
0.4005
0.4088
0.4414
0.4277
0.4435
0.4401
0.4235
0.4238
0.4178
0.4029
0.4036
0.4008
0.4155
0.4029
0.3976
0.3987
0.4077
0.4249
0.4295
0.4153
0.4137
0.4263
0.4251
0.4318
0.443
0.443
0.4479
0.4591
0.4529
0.4313
0.4281
0.4283
0.4435
0.4534
0.4541
0.4561
0.4706
0.4192
0.4063
0.4047
0.4141
0.4081
0.4153
0.4148
0.4164
0.4215
0.432
0.4476
0.46
0.4394
0.4372
0.4238
0.4148
0.4146
0.4033
0.3987
0.393
0.3901
0.3935
0.385
0.3716
0.3628
0.3586
0.3664
0.3613
0.3721
0.3613
0.3537
0.3558
0.3613
0.3658
0.3706
0.3645
0.3597
0.361
0.3542
0.3418
0.3372
0.3365
0.3232
0.3237
0.3167
0.3264
0.3223
0.3374
0.3443
0.3388
0.3306
0.318
0.3175
0.3175
0.3345
0.331
0.34
0.3076
0.2973
0.2739
0.2968
0.2833
0.3078
0.2957
0.3069
0.2982
0.2941
0.2741
0.2693
0.2741
0.3037
0.2993
0.2865
0.2986
0.3067
0.314
0.3055
0.3048
0.2966
0.3026
0.3271
0.3255
0.3186
0.3262
0.3335
0.3508
0.3557
0.3549
0.3475
0.3386
0.332
0.3101
0.3166
0.3172
0.3177
0.3081
0.3005
0.2872
0.2711
0.2961
0.3067
0.3188
0.3248
0.3393
0.3356
0.3354
0.3549
0.3609
0.343
0.3553
0.3482
0.3308
0.3324
0.3448
0.3317
0.3356
0.3501
0.3581
0.3397
0.3228
0.3171
0.3363
0.3402
0.3384
0.3462
0.3287
0.3322
0.3439
0.3372
0.3416
0.3347
0.3228
0.3198
0.3358
0.3462
0.3315
0.3223
0.3404
0.3423
0.3588
0.3632
0.3609
0.3553
0.3503
0.3482
0.3372
0.342
0.3335
0.3244
0.3117
0.309
0.3101
0.302
0.3191
0.3149
0.3284
0.3253
0.3228
0.3147
0.3207
0.3182
0.3223
0.326
0.3377
0.3338
0.3338
0.3324
0.3257
0.3237
0.3152
0.3104
0.3209
0.3294
0.3264
0.3354
0.343
0.3409
0.3377
0.3423
0.3397
0.339
0.3427
0.3555
0.3632
0.3603
0.3613
0.3744
0.3742
0.3649
0.3707
0.3728
0.3712
0.3776
0.3638
0.3656
0.3632
0.3652
0.3625
0.3551
0.3519
0.3478
0.3501
0.3531
0.3411
0.3379
0.34
0.341
0.3402
0.3348
0.3395
0.3298
0.3347
0.3351
0.3361
0.3306
0.3319
0.3315
0.3339
0.3379
0.3402
0.348
0.3496
0.3534
0.3519
0.3462
0.3363
0.3358
0.3315
0.325
0.3292
0.337
0.325
0.3211
0.3218
0.3184
0.3135
0.3074
0.3037
0.2943
0.3003
0.3005
0.298
0.2984
0.3037
0.295
0.2899
0.2814
0.2863
0.286
0.2872
0.2851
0.3032
0.3014
0.2984
0.2923
0.2904
0.2773
0.2821
0.2787
0.2856
0.278
0.2846
0.292
0.2885
0.2853
0.275
0.2693
0.277
0.2844
0.2729
0.2782
0.2814
0.2872
0.2796
0.2762
0.2821
0.2846
0.3038
0.3087
0.2946
0.2983
0.289
0.2922
0.3016
0.3039
0.3172
0.3086
0.3168
0.3136
0.3076
0.3035
0.2943
0.2895
0.2846
0.2882
0.2891
0.284
0.2998
0.3027
0.2939
0.298
0.2947
0.3005
0.3019
0.3093
0.306
0.3108
0.3074
0.3085
0.3149
0.3216
0.3248
0.3267
0.3377
0.3356
0.34
0.3349
0.3324
0.3393
0.3363
0.3363
0.3354
0.3361
0.3284
0.3351
0.3294
0.328
0.3287
0.3225
0.3221
0.3047
0.3058
0.3152
0.3076
0.3048
0.3085
0.312
0.3139
0.3177
0.309
0.311
0.3147
0.3124
0.3137
0.3136
0.3078
0.3026
0.3047
0.3062
0.3011
0.3023
0.2992
0.3127
0.3053
0.3023
0.2959
0.2908
0.2925
0.2899
0.2936
0.3021
0.2998
0.2952
0.2779
0.2748
0.283
0.2794
0.2796
0.2766
0.2749
0.2881
0.2867
0.2989
0.2986
0.2895
0.2911
0.2798
0.2735
0.2716
0.2649
0.2661
0.2612
0.2685
0.2655
0.2731
0.275
0.2797
0.2808
0.2833
0.2782
0.2766
0.2715
0.2795
0.2763
0.2768
0.2762
0.2856
0.2923
0.2893
0.2895
0.2909
0.2896
0.2902
0.2923
0.292
0.2853
0.283
0.2828
0.281
0.2796
0.2833
0.2939
0.2941
0.3038
0.2951
0.2886
0.2821
0.2826
0.2821
0.2819
0.2768
0.2793
0.283
0.2812
0.2798
0.2803
0.2817
0.2867
0.2914
0.2851
0.2847
0.2833
0.2858
0.281
0.2874
0.2851
0.284
0.2858
0.289
0.2872
0.2858
0.2941
0.2942
0.2901
0.286
0.284
0.2893
0.2842
0.2875
0.2929
0.2943
0.2954
0.2942
0.2975
0.2973
0.2966
0.298
0.2951
0.2961
0.2961
0.2964
0.2938
0.2917
0.2899
0.2934
0.2887
0.2901
0.2885
0.2906
0.2941
0.2982
0.2885
0.2853
0.2819
0.2846
0.2896
0.2889
0.2936
0.2982
0.2968
0.3043
0.298
0.3013
0.2972
0.2915
0.2922
0.2927
0.3003
0.3106
0.3131
0.3117
0.3154
0.3201
0.3173
0.321
0.3224
0.3215
0.3173
0.3231
0.3233
0.338
0.331
0.3359
0.3416
0.3401
0.3457
0.345
0.3486
0.3364
0.3418
0.3397
0.3395
0.3373
0.3418
0.338
0.3376
0.338
0.3308
0.3329
0.3375
0.3373
0.331
0.3282
0.3357
0.3352
0.3385
0.3364
0.3467
0.3373
0.3368
0.3299
0.3322
0.3303
0.3273
0.328
0.3294
0.3292
0.3301
0.3327
0.3309
0.3327
0.3371
0.3418
0.342
0.3413
0.3432
0.3413
0.3399
0.3327
0.3324
0.332
0.332
0.3331
0.3317
0.331
0.3366
0.3372
0.342
0.3448
0.3465
0.3413
0.3411
0.3434
0.3385
0.3357
0.3369
0.3511
0.3534
0.3548
0.3493
0.351
0.3494
0.3512
0.3512
0.3521
0.3476
0.3475
0.3468
0.3463
0.3466
0.3498
0.3508
0.3494
0.3551
0.3628
0.3689
0.3686
0.371
0.3712
0.3724
0.3756
0.3739
0.3709
0.3672
0.3686
0.3692
0.3679
0.3658
0.3653
0.3651
0.3649
0.3611
0.366
0.366
0.363
0.3574
0.3612
0.3583
0.3637
0.3618
0.3663
0.367
0.3712
0.3721
0.3703
0.364
0.3612
0.3578
0.3571
0.3576
0.3574
0.3566
0.3582
0.348
0.3475
0.3498
0.3415
0.3653
0.3684
0.369
0.3792
0.3808
0.3797
0.3705
0.3645
0.3591
0.3619
0.3584
0.3662
0.3692
0.3707
0.3683
0.3718
0.3716
0.3768
0.3707
0.3652
0.359
0.3673
0.3638
0.3567
0.3546
0.3551
0.3567
0.3617
0.3631
0.3703
0.3725
0.3735
0.3699
0.3721
0.377
0.3782
0.3744
0.3699
0.3749
0.381
0.3862
0.3718
0.3714
0.3626
0.374
0.378
0.3792
0.3775
0.3789
0.3784
0.377
0.3673
0.365
0.3685
0.365
0.3711
0.3707
0.3657
0.3678
0.3645
0.3692
0.3747
0.3758
0.3836
0.3973
0.4098
0.4228
0.4226
0.4283
0.4434
0.4401
0.4464
0.4444
0.4437
0.4387
0.4359
0.4338
0.4383
0.4421
0.4359
0.4354
0.429
0.4333
0.4345
0.4207
0.4226
0.4226
0.4326
0.44
0.4404
0.4397
0.4376
0.4376
0.4276
0.4219
0.4245
0.4247
0.4423
0.4394
0.4442
0.4304
0.4319
0.4473
0.4468
0.4359
0.4297
0.4345
0.4376
0.4385
0.4402
0.4437
0.4475
0.4527
0.4568
0.4442
0.4423
0.4432
0.438
0.4404
0.4371
0.4418
0.4328
0.4334
0.4387
0.4281
0.4406
0.4335
0.4293
0.4269
0.4259
0.4397
0.4346
0.4346
0.4365
0.4405
0.4484
0.4522
0.4515
0.4527
0.4513
0.4494
0.4498
0.4517
0.4534
0.4539
0.4563
0.4622
0.4651
0.4656
0.4641
0.4672
0.4668
0.456
0.451
0.4458
0.4389
0.4434
0.4374
0.4379
0.4417
0.4467
0.4451
0.4491
0.4455
0.442
0.4553
0.4528
0.4539
0.4596
0.4615
0.461
0.4598
0.4394
0.442
0.4401
0.4308
0.4315
0.4239
0.4222
0.4236
0.4308
0.417
0.4215
0.4205
0.4208
0.4203
0.416
0.4527
0.4503
0.4503
0.4529
0.4479
0.4536
0.4598
0.4635
0.4607
0.4564
0.4566
0.4573
0.4656
0.4602
0.464
0.4655
0.4665
0.4711
0.4793
0.4779
0.4736
0.4676
0.4693
0.4645
0.4576
0.4513
0.4579
0.4583
0.4652
0.4566
0.4521
0.4501
0.4528
0.443
0.4438
0.4431
0.4415
0.4372
0.4353
0.4363
0.4336
0.429
0.437
0.4286
0.4031
0.4017
0.411
0.4174
0.4176
0.4169
0.4205
0.4384
0.4281
0.4376
0.4422
0.4425
0.453
0.45
0.4473
0.4676
0.4755
0.4817
0.4817
0.4839
0.4736
0.4791
0.4733
0.4701
0.4678
0.4735
0.4713
0.4827
0.4809
0.4888
0.4916
0.4946
0.4943
0.5026
0.504
0.4946
0.4953
0.508
0.5035
0.5064
0.4999
0.4982
0.4871
0.4869
0.4718
0.4703
0.4649
0.484
0.4859
0.4907
0.4994
0.4963
0.4943
0.4948
0.4941
0.4895
0.4818
0.4838
0.4756
0.4612
0.4599
0.4773
0.4792
0.4732
0.4724
0.4744
0.471
0.4797
0.4811
0.4879
0.4963
0.4977
0.4954
0.4718
0.4641
0.4754
0.4615
0.4715
0.4833
0.4845
0.4923
0.4903
0.4898
0.5035
0.5001
0.5359
0.5362
0.5377
0.5316
0.5329
0.5368
0.5326
0.5382
0.5341
0.5355
0.5322
0.5451
0.5351
0.5411
0.5515
0.544
0.5454
0.5547
0.552
0.5469
0.5476
0.5541
0.5609
0.5517
0.56
0.5662
0.5479
0.5404
0.5076
0.5058
0.5158
0.5179
0.5048
0.5068
0.508
0.5226
0.5273
0.5312
0.5434
0.5491
0.544
0.5394
0.5459
0.5425
0.5355
0.5329
0.5321
0.5382
0.536
0.5314
0.5355
0.5381
0.5341
0.5354
0.5488
0.5454
0.5314
0.5331
0.5425
0.5024
0.4977
0.5025
0.5054
0.5136
0.5138
0.5131
0.5099
0.5099
0.5063
0.5056
0.5024
0.5293
0.5366
0.5363
0.5424
0.5316
0.5259
0.5354
0.5395
0.5271
0.5298
0.5203
0.5259
0.5116
0.5106
0.5169
0.523
0.5317
0.53
0.5277
0.5143
0.5092
0.5131
0.5026
0.4876
0.4874
0.4944
0.4949
0.4888
0.4796
0.4762
0.4704
0.4787
0.4818
0.482
0.4787
0.4893
0.4864
0.4774
0.4796
0.4703
0.4762
0.4707
0.468
0.4782
0.484
0.4852
0.4835
0.4917
0.4937
0.4988
0.4956
0.5569
0.5763
0.5734
0.5749
0.57
0.5705
0.5669
0.5617
0.5595
0.5393
0.5225
0.504
0.4936
0.5308
0.5508
0.5532
0.5471
0.5247
0.5405
0.542
0.5294
0.552
0.541
0.5496
0.5513
0.5522
0.5583
0.5622
0.5673
0.5668
0.5727
0.5571
0.5598
0.5705
0.5746
0.5671
0.5771
0.5997
0.5883
0.6036
0.6187
0.6267
0.6333
0.6369
0.6345
0.6413
0.6425
0.6659
0.6676
0.6781
0.6768
0.6759
0.6671
0.6912
0.6958
0.6927
0.6922
0.6978
0.6737
0.6905
0.6985
0.6936
0.6822
0.6744
0.7679
0.7645
0.7499
0.7426
0.7399
0.7253
0.7399
0.7399
0.758
0.7602
0.7668
0.7553
0.7614
0.7605
0.7668
0.7749
0.8
0.7939
0.7922
0.8245
0.8088
0.8198
0.799
0.8056
0.7937
0.7956
0.8054
0.8103
0.7981
0.7851
0.8036
0.8044
0.8075
0.8103
0.8096
0.8227
0.8157
0.8052
0.7907
0.8034
0.7702
0.7397
0.7238
0.725
0.7372
0.7148
0.7004
0.6622
0.6676
0.6713
0.6791
0.695
0.6943
0.7011
0.6928
0.6852
0.7155
0.7157
0.6855
0.6889
0.6891
0.6456
0.6161
0.6227
0.6212
0.618
0.6285
0.6593
0.6757
0.7338
0.7436
0.77
0.7719
0.7773
0.779
0.7739
0.7689
0.803
0.8076
0.8005
0.7981
0.7929
0.7784
0.778
0.7767
0.79
0.7919
0.788
0.8115
0.8047
0.8289
0.8314
0.8299
0.8441
0.8454
0.854
0.8677
0.8768
0.8736
0.8863
0.8777
0.8765
0.8777
0.8687
0.8743
0.8797
0.8787
0.9008
0.9032
0.9103
0.9064
0.8902
0.8937
0.8927
0.8893
0.8937
0.8944
0.9148
0.8875
0.8711
0.8826
0.8721
0.8522
0.8574
0.8662
0.865
0.8817
0.8841
0.8721
1.0047
1.0344
1.0366
1.0631
1.0678
1.0869
1.0886
1.1149
1.1103
1.1221
1.1282
1.1484
1.1506
1.1587
1.1425
1.1366
1.1388
1.1351
1.1646
1.1356
1.1501
1.1523
1.1641
1.1688
1.1484
1.169
1.1619
1.1609
1.1919
1.124
1.112
1.1282
1.1467
1.1555
1.1469
1.1639
1.1712
1.2017
1.2499
1.2787
1.2978
1.2973
1.3106
1.2954
1.302
1.3155
1.3327
1.3081
1.3438
1.3686
1.392
1.378
1.3809
1.4035
1.3944
1.3775
1.3811
1.4067
1.4306
1.4438
1.4475
1.4382
1.4674
1.5495
1.548
1.5387
1.5031
1.5264
1.5303
1.5367
1.5492
1.5253
1.5152
1.5275
1.5265
1.5176
1.5105
1.5551
1.5398
1.5543
1.5314
1.5425
1.4657
1.496
1.4743
1.4873
1.5437
1.5474
1.5679
1.5536
1.5972
1.6011
1.5994
1.5844
1.6385
1.6445
1.6597
1.6873
1.6856
1.6819
1.6802
1.6582
1.6462
1.6523
1.6284
1.6358
1.6092
1.625
1.6156
1.6403
1.6368
1.6678
1.6632
1.7412
1.7698
1.7769
1.7405
1.7375
1.7523
1.7004
1.6932
1.6735
1.6639
1.755
1.7523
1.7228
1.6688
2.1663
2.0596
2.1224
2.2564
2.2751
2.299
2.2896
2.3061
2.3175
2.3221
2.3209
2.2997
2.2738
2.1613
2.1813
2.2659
2.3031
2.3446
2.3054
2.2644
2.2094
2.2484
2.3786
2.4343
2.4763
2.5064
2.5937
2.6099
2.6415
2.7074
2.8933
2.6943
2.748
2.6324
2.5157
2.5744
2.5091
2.5426
2.6457
2.6257
2.5934
2.551
2.5507
2.4935
2.5389
2.5934
2.5651
2.5917
2.6469
2.6583
2.7041
2.7564
2.7133
2.6926
2.8102
2.8457
2.8208
2.8931
2.9379
2.9251
2.8701
2.8021
2.6728
2.6827
2.6881
2.645
2.6445
2.7392
2.735
2.4814
2.5053
2.5782
2.5058
2.5382
2.4446
2.4305
2.4117
2.4382
2.4337
2.4332
2.4475
2.515
2.5132
2.5322
2.5634
2.6192
2.7026
2.6152
2.6685
2.6443
2.6537
2.673
2.6592
2.6505
2.7014
2.6898
2.6762
2.4885
2.47
2.488
2.4774
2.4142
2.4229
2.4029
2.3579
2.4503
2.4517
2.4614
2.5004
2.5108
2.5421
2.5863
2.5685
2.6085
2.5755
2.6332
2.5552
2.5742
2.5643
2.5646
2.5377
2.5419
2.995
3.1236
3.158
3.3165
3.3782
3.1538
3.2859
3.3617
3.4334
3.3871
3.4252
3.4175
3.506
3.5809
3.5681
3.5683
3.5505
3.6585
3.642
3.686
3.9534
3.6978
3.707
3.7423
3.7502
3.7663
3.7478
3.8887
3.883
3.9418
3.9146
3.8024
3.7609
3.6232
3.751
3.6257
3.5733
3.444
3.5359
3.5466
3.6276
3.7992
3.8531
4.017
3.9705
4.0773
4.06
4.1022
4.081
4.1403
4.1551
4.1069
4.0872
4.1344
3.9979
4.0634
4.017
4.0659
4.0634
4.1151
4.1331
4.2602
4.2095
4.2542
4.0721
3.855
4.1625
4.1274
4.0822
3.9912
3.992
3.9339
4.0214
4.1018
4.0867
4.0526
4.0813
4.0746
4.0988
4.1919
4.2171
4.1045
4.1021
4.1211
4.0496
4.181
4.1961
4.2149
4.1909
4.4558
4.6399
4.6349
4.5976
4.4719
4.4284
4.2305
4.2542
4.3475
4.3462
4.4227
4.4284
4.4375
4.4746
4.4722
4.4853
4.5865
4.674
4.7238
4.726
4.8141
4.8967
4.8922
4.888
4.8935
4.8712
4.8643
4.9152
4.791
4.8413
4.9939
5.0429
5.1164
5.126
5.0948
5.1629
5.1861
5.2455
5.1745
5.0795
5.3472
5.2604
5.2987
5.1948
5.2351
5.2289
5.2962
5.345
5.321
5.3712
5.3014
5.2165
4.8627
4.9689
4.8939
4.6211
4.6478
4.6855
4.753
4.7407
4.8191
4.7246
4.6092
4.6164
4.7424
4.8994
4.855
4.8721
4.8496
4.8343
4.888
4.8813
4.887
4.7904
4.9353
5.2601
5.2878
5.3326
5.496
5.4945
5.5376
5.5475
5.5203
5.4492
5.5633
5.5564
5.6968
5.7854
5.9146
5.8376
5.8513
6.0241
6.1112
6.009
6.0852
5.954
5.7812
5.2905
5.5846
5.6643
5.3851
5.7455
5.6453
5.7592
5.9768
6.1025
6.0367
6.1664
5.979
5.9986
6.0922
6.1083
6.0954
5.9948
5.7523
5.8596
5.8375
5.9988
5.9909
5.9745
6.0773
6.1871
6.1363
6.1618
6.1767
6.2049
5.9701
6.1826
6.1573
5.9911
5.7712
6.0563
5.5866
5.4833
5.737
5.4759
5.5824
5.6044
5.484
5.3074
5.3362
5.6458
5.6044
5.8115
5.7347
5.7345
5.8844
5.8554
5.6738
5.6656
5.546
5.4796
5.3671
5.5792
5.6067
5.5712
5.6267
5.6062
5.7716
5.922
6.1603
6.2029
6.3362
6.444
6.3052
6.3258
6.083
6.0942
6.1363
6.0924
6.0503
6.0122
6.1358
6.1395
6.1789
6.1618
6.2709
6.2511
6.3857
6.5649
6.5703
6.5723
6.5165
6.5012
6.46
6.5086
6.5041
6.6159
6.575
6.5708
6.4489
6.5019
6.373
6.2203
5.9271
5.9982
5.8428
5.9702
5.8721
6.0044
5.8706
6.0166
6.1306
6.1782
6.2773
6.1355
6.2273
6.1799
6.1522
6.2882
6.2389
6.2471
6.2188
6.1821
6.1648
6.2431
6.3167
6.2468
6.0513
6.0694
6.1093
6.2121
6.2488
6.2967
6.369
6.4055
6.3569
6.3155
6.3485
6.4801
6.4218
6.3812
6.0684
6.1432
6.2791
6.5145
6.6142
6.7475
6.8388
6.8011
6.9067
6.8898
6.961
7.0359
6.9049
6.7636
6.7422
6.8134
6.7656
6.6515
6.7294
6.8556
6.7936
6.7214
6.7452
6.6039
6.5337
6.5895
6.6567
6.6197
6.6316
6.9694
7.1763
7.1048
7.111
6.9265
6.6926
6.5912
6.5855
6.0932
5.8313
6.1143
5.8375
6.0967
6.028
5.9405
5.6835
5.7344
5.4824
4.9455
5.1545
4.9177
4.6035
5.0345
5.2287
5.4092
5.3301
5.252
5.2344
5.3021
5.1086
5.1007
4.7007
4.943
4.8904
5.0194
4.0779
3.5886
3.6973
3.5889
3.5961
3.7957
3.8126
3.9698
3.9026
4.0531
4.2171
3.8964
3.9257
3.6608
3.7662
3.6752
3.6928
3.6925
3.632
3.5608
3.6442
3.4351
3.3505
3.2134
3.1516
3.3009
3.2531
3.3146
3.3109
3.3783
3.1742
3.3776
3.5564
3.4678
3.536
3.6018
3.6911
3.731
3.7168
3.6913
3.7627
3.8919
3.6896
3.7025
3.9145
3.9718
3.4227
3.2637
3.4073
3.5651
3.5894
3.6997
3.7188
3.7945
3.6561
3.6747
3.632
3.7491
3.7915
3.8324
3.9021
3.8847
3.9321
3.8632
3.948
3.9356
3.8962
3.8542
3.8297
3.8841
3.8922
3.8858
3.7748
3.7056
3.7398
4.0005
4.0347
4.1862
4.1102
4.2157
4.1944
4.3622
4.3297
4.5665
4.4066
4.3143
4.391
4.3818
4.4004
4.4578
4.5253
4.5432
4.6827
4.6738
4.7406
4.7614
4.6986
4.7691
4.7552
4.7172
4.5854
4.6725
4.6497
4.6251
4.679
4.7336
4.746
4.6403
4.4213
4.4521
4.4935
4.4804
4.5479
4.5434
4.465
4.2977
4.3178
4.2252
4.1912
3.9337
4.0228
3.9618
3.9769
3.886
3.7674
3.8495
3.7785
3.6574
3.6035
3.5583
3.4841
3.4575
3.3668
3.3251
3.5542
3.5115
3.5736
3.6164
3.6892
3.7468
3.6338
3.685
3.595
3.6047
3.7998
3.8058
3.8301
3.772
3.7943
3.765
3.9584
4.057
4.0819
4.1301
4.0322
4.0451
3.9825
3.9074
3.9099
3.9782
4.1328
4.1659
4.1574
4.1527
4.2181
4.2298
4.1865
4.2581
4.366
4.4405
4.3093
4.3513
4.3451
4.3608
4.1935
4.099
4.0063
3.7478
3.7866
3.8249
3.9335
3.8321
3.7642
3.8786
3.7299
3.6976
3.9658
4.2447
4.1724
4.2559
4.2621
4.0374
4.1122
4.0215
4.0111
4.1549
4.1675
4.0844
4.1986
4.4718
4.4447
4.4907
4.5574
4.586
4.5845
4.5266
4.4835
4.5049
4.4778
4.4022
4.2964
4.3499
4.2924
4.4343
4.4121
4.2733
4.3308
4.329
4.3051
4.5109
4.5273
4.586
4.4094
4.496
4.5537
4.6273
4.6408
4.8856
4.8318
4.8338
4.7393
4.8766
4.8667
4.8537
4.8978
5.0888
5.1448
5.0485
5.0505
5.0013
5.0403
5.2371
5.215
5.1657
5.1834
5.1694
5.1794
5.215
5.1891
5.2194
5.0801
5.2814
5.1747
5.254
5.2292
5.2468
5.5036
5.3988
5.4337
5.3963
5.2098
5.1702
5.2141
5.1971
5.2825
5.2825
5.3276
5.4113
5.5788
5.5768
5.6057
5.6839
5.7143
5.8624
5.9597
5.9461
5.9411
5.9553
5.8975
5.7842
5.8584
5.9732
5.8776
5.9022
5.9737
5.9849
6.0506
6.083
6.2737
6.1567
6.1141
6.1978
6.2065
6.1731
6.2257
6.2956
6.2364
5.9804
6.1739
6.1134
6.1201
5.8865
5.9836
6.153
6.2433
6.3301
6.264
6.5473
6.6698
6.7856
6.7418
7.2151
7.3839
7.8353
7.6859
7.3216
6.804
6.5244
6.6639
6.2931
6.7284
6.8868
6.6242
7.0881
6.8086
6.628
6.1147
6.5044
6.1404
5.389
6.0001
4.893
5.4129
5.0529
5.3058
5.1259
5.2988
6.2079
6.1192
6.4087
6.2964
6.6168
6.5672
6.0557
6.3646
6.0766
6.6868
6.4533
6.6506
6.551
6.7229
7.0742
6.9967
7.342
7.2827
7.1514
6.7144
7.129
7.0757
7.2147
7.4013
7.2588
7.4357
7.2817
7.045
7.2569
7.3181
7.419
7.5953
7.7854
8.0376
7.7755
7.7531
8.0027
8.4613
8.7199
8.775
8.9389
8.7449
8.995
8.6876
8.4957
8.4576
8.8448
8.7757
8.7947
8.7391
8.7401
8.8932
8.7785
9.0188
9.3386
8.7698
8.9056
9.1461
9.0412
9.2082
9.1903
9.2334
9.4981
9.4216
9.2077
9.4614
9.1275
9.1723
9.4692
9.5013
9.5833
9.8096
9.842
10.1853
10.4774
10.4477
10.022
10.3458
10.1965
10.1043
10.1708
10.4791
10.2974
10.4073
10.0993
10.1638
10.3901
10.1848
10.434
10.5821
10.5828
10.9771
11.194
11.2528
11.3014
11.1658
11.1314
10.8173
11.4058
11.4086
11.5292
12.2999
12.2239
12.102
12.1045
12.6453
12.682
12.7116
12.7346
12.5902
13.1082
13.3343
13.7834
14.3075
12.9801
12.5882
11.8806
12.6804
12.2783
12.1314
12.8372
12.9557
12.4805
12.4296
12.1561
12.4832
12.6034
12.0908
12.3144
12.8387
12.9995
13.1898
13.4937
13.5775
13.0267
13.6054
13.6991
13.926
13.8011
13.7253
14.1873
14.2095
14.0569
13.932
13.7739
13.461
13.6084
13.488
13.3246
13.5533
13.1055
13.3603
12.5926
12.9886
12.4999
12.5465
12.9841
13.7567
14.1215
14.5224
13.5937
12.7353
13.3815
13.4201
13.2608
13.4785
13.3857
13.3922
13.4037
13.0521
13.1042
12.9225
13.1987
13.2252
13.365
13.3536
13.5076
13.3635
13.5254
13.5738
13.3177
12.8994
12.9408
12.9817
13.2765
13.3281
13.2104
13.3089
13.2398
13.2999
13.2461
12.9777
12.9623
12.8687
12.9119
13.1139
13.0234
13.0817
13.3723
12.5839
13.3117
13.2446
13.5885
13.4521
13.499
13.1683
12.8283
12.9937
13.3334
13.8339
13.6793
13.6202
13.4027
12.8865
13.0194
12.9583
13.2049
13.5239
13.4977
13.6311
13.5581
14.4038
14.2287
14.7285
15.2138
14.925
15.2931
14.8699
14.7931
14.8903
14.321
14.1077
14.4639
13.2753
13.6813
13.8082
13.3738
12.7737
12.3403
12.4313
11.5652
12.4939
12.442
12.9662
12.8289
13.1635
13.2633
13.3132
12.6957
12.8187
13.1585
13.0432
12.6164
12.5089
12.8122
12.921
12.8447
13.3202
13.7827
13.9581
13.8323
14.1137
14.2869
14.3697
15.177
15.6465
15.2449
16.1033
15.879
15.3294
15.1393
15.3282
14.819
15.2331
15.4454
15.3494
15.2446
15.2925
14.9779
14.8055
14.3211
14.4281
14.4924
14.7811
14.2357
14.2761
13.7295
13.6365
14.213
14.1357
13.9863
14.0362
14.5818
14.9602
15.5791
15.6148
15.667
15.4554
16.2103
16.2303
16.7429
16.934
17.5413
17.5819
17.4203
17.3257
17.3923
17.7918
17.985
17.7552
17.7769
18.6223
18.6038
18.3927
18.8514
19.0215
19.1695
18.9953
19.9475
19.9892
19.965
20.1741
20.4486
20.6597
20.3336
19.8654
20.0127
20.4741
20.212
19.8043
18.9307
18.127
18.7446
18.5771
19.3736
19.5573
19.5213
19.2578
19.172
19.4664
19.6251
19.4625
19.713
19.7779
20.236
20.5983
20.3278
20.257
19.8986
19.6621
19.8677
20.1502
19.9126
19.4215
19.0043
19.7609
20.777
21.9168
21.7522
22.1714
22.0266
22.5936
22.6455
22.347
22.4029
22.358
22.8043
22.6236
22.3011
22.1394
22.4399
22.1144
22.2043
22.3031
22.2043
21.8629
21.0772
21.21
21.9038
22.4439
22.0436
21.6233
20.6639
20.4822
20.6809
20.7068
19.6985
20.4163
20.6649
21.0393
20.7957
20.6599
20.6359
20.9035
21.7091
21.8249
22.1843
22.2522
22.0655
22.6535
22.6875
23.1267
24.6751
24.4095
24.8987
25.5236
25.7832
26.3562
26.5529
29.7505
29.7015
30.7518
30.605
29.409
30.3385
30.3385
29.9741
30.1518
29.2114
31.6213
32.9291
31.9018
31.6922
32.6186
31.4496
33.3194
32.6206
31.3857
32.0756
30.6448
29.9899
32.3761
31.7761
30.4422
30.1506
28.1168
28.2925
30.4112
28.3425
27.7574
27.6755
29.0294
29.3539
29.5935
30.8965
30.2744
29.9539
29.5396
29.3649
30.0737
29.244
27.5607
28.1338
27.2043
27.357
27.7734
27.9551
26.5333
26.8997
25.8624
25.0277
24.1121
23.3373
23.3353
22.289
22.7363
21.9096
22.8042
24.4476
24.5993
25.2024
23.9104
24.2808
24.6892
25.0686
26.6631
25.7835
23.9114
24.2289
26.4534
26.4694
24.4686
23.6049
23.3533
22.3519
23.7107
24.1191
24.3467
23.4402
24.186
23.6807
22.9038
21.322
21.4838
22.9817
22.6262
22.069
21.3001
22.9407
24.4616
24.7312
26.4159
26.6965
26.4868
25.598
28.1105
27.6531
28.1794
28.6158
27.6511
27.2477
26.6745
27.3216
25.8946
24.3727
24.174
23.0865
21.8862
21.4738
22.1718
21.2282
21.7524
22.1668
21.4518
20.1547
19.4876
19.8741
18.7616
18.3891
19.7542
18.521
19.5056
19.5745
20.3055
18.8175
18.6488
16.9262
17.5703
16.6067
16.1523
17.6811
17.2398
18.1515
16.9142
17.1
16.6706
16.8743
16.1313
16.9512
17.8259
18.7846
18.6458
18.2943
19.5645
18.6937
18.7596
18.8994
18.6258
18.0265
16.9538
15.6284
15.8172
16.5073
15.5824
15.8611
16.5463
16.3405
16.2057
17.1056
16.8489
15.963
15.5235
15.141
14.5057
14.9462
15.112
15.8391
15.8192
15.134
15.0641
15.146
15.3537
15.7432
16.0818
16.9718
17.7858
18.0285
17.2984
17.0037
16.5133
17.7688
17.9626
18.1414
18.4191
18.504
18.8705
19.1921
18.9664
17.7718
17.0657
18.0755
17.9207
18.6867
19.0094
18.8565
18.3132
18.7507
17.8278
17.0137
17.1606
17.2015
17.8917
16.2407
15.7822
15.4496
15.076
13.9204
13.6308
13.449
13.7017
13.9774
14.3741
14.492
13.1192
13.1162
12.9174
13.1861
13.37
13.1642
13.2491
12.5497
12.5048
12.217
12.4018
12.7246
12.209
12.1281
12.5008
13.1552
13.1971
13.1182
12.0652
11.6595
11.5756
11.4897
11.9493
11.2169
11.8773
11.9562
12.0402
12.183
12.4548
12.5877
13.2491
12.8844
13.1642
13.8216
13.4849
13.5308
13.2071
13.4089
14.1433
14.2882
14.5889
13.7636
15.7358
16.3123
16.2804
16.651
15.8957
15.6629
15.3952
15.3032
16.0236
16.5042
16.2554
15.8128
15.6249
16.9118
17.1237
16.8648
16.599
15.9764
16.1093
17.1576
16.9897
17.5234
18.06
17.6623
16.9408
16.56
16.2432
16.0743
16.4901
15.3288
15.1959
14.1116
14.0267
14.5933
14.6043
14.3055
14.7392
14.2556
14.8492
15.6176
15.8985
15.9904
16.5001
16.8878
17.6903
17.3655
16.7539
17.8272
19.1803
19.2522
19.3102
19.7889
20.3515
19.1493
19.5241
20.9291
21.6946
21.086
21.075
22.1583
22.1903
22.3222
21.2509
21.7736
22.9558
22.7489
21.9874
21.3738
20.6413
20.7403
23.6483
23.2706
23.4854
23.2006
22.683
23.2986
23.8742
23.5384
23.2766
24.1691
23.4245
22.9537
22.9547
24.0512
24.2161
25.5285
25.7124
25.8873
26.1861
26.455
27.1777
26.7659
26.518
26.397
26.9708
27.3696
27.7634
27.9513
27.4395
26.8678
27.0237
27.5655
27.1557
26.482
26.45
26.7449
26.9888
27.6534
27.9173
27.0907
27.1057
27.0287
26.2281
26.9428
27.2126
27.7354
28.8958
28.1962
27.7884
27.5485
28.6659
29.1367
28.557
28.8708
28.564
28.3261
28.9388
29.1987
30.1632
31.6625
31.2487
31.1607
30.6729
30.523
37.9614
38.9269
40.0913
37.8154
39.7505
39.3077
39.1518
38.635
37.4606
38.4952
38.7551
39.4668
41.0062
42.9805
42.6366
42.6756
43.7912
43.0285
43.0085
42.1928
40.6164
41.8599
41.1012
40.8063
42.2858
42.3967
42.3008
42.0868
42.4867
42.1638
42.3887
43.8851
45.9593
45.4515
46.4432
47.4758
47.0589
45.5025
44.292
44.5949
45.6615
45.4345
45.8824
46.732
46.7111
46.4891
44.252
44.4979
44.6628
45.3991
44.6468
42.5377
42.3717
40.8393
43.7362
43.9231
43.4693
43.3269
43.2824
46.949
45.6505
47.0979
47.1449
46.0003
46.817
48.7653
49.2451
49.336
48.4904
48.5294
47.0469
46.2272
45.5584
45.1645
44.8566
45.4714
45.5674
43.8869
43.9529
43.507
42.2264
41.0047
41.5976
42.2094
41.8985
42.4553
43.0761
43.486
44.7686
43.504
44.0278
44.6746
45.7483
45.2595
45.7843
46.792
46.931
45.4474
46.0812
43.9249
42.1834
42.0884
41.3746
42.9621
43.6499
41.7665
40.3139
40.4879
41.1487
40.7678
42.3123
43.493
44.9915
45.7373
45.9413
46.5601
46.936
48.3205
48.6055
49.6412
48.8734
49.4652
49.2833
50.3939
49.9291
48.7014
47.7617
48.2276
47.8067
48.1256
46.756
46.751
45.4964
46.5561
45.4933
46.5861
47.4959
46.6171
47.6468
48.0778
48.3397
48.8796
50.0663
49.5934
48.1007
48.9796
48.8196
49.2685
49.4065
49.5114
49.5114
48.1577
47.5589
47.9878
49.0865
52.2419
53.1287
54.3384
54.8103
54.6983
56.37
56.0411
57.0948
59.4783
59.6413
59.8602
61.3489
61.6039
61.018
62.4517
62.7606
61.5139
63.0136
66.1459
69.3172
68.2085
70.0841
69.6262
72.1176
72.2326
72.1126
73.8842
72.6425
72.5975
69.4372
67.4576
78.5213
78.8002
79.0751
78.6842
77.6464
79.0951
82.2615
85.2188
85.9497
88.6852
92.6536
87.5134
85.7597
91.8977
90.8729
87.9293
87.8219
88.4403
89.3831
90.3569
91.4198
94.2733
94.9862
92.5456
90.235
90.3409
90.3479
89.4371
88.9492
85.8907
87.9933
87.1185
85.3398
87.0245
90.6009
88.1713
85.9867
87.4004
84.021
84.6569
76.1873
79.5048
82.4093
79.6637
82.6182
87.7204
87.7424
86.3876
83.0272
85.8027
88.7742
92.1246
90.5389
90.3969
88.7322
89.863
90.3839
91.3408
94.6142
94.3433
92.4636
94.7642
95.3701
94.9342
103.7817
106.4513
113.882
114.8059
110.4816
109.6147
114.9808
116.4176
122.4196
120.9778
120.8679
121.7697
120.8999
125.1895
129.5991
131.8689
130.969
135.5686
130.769
126.5594
118.1001
126.0794
126.3894
123.9796
123.5296
124.2896
122.6597
128.2692
125.8194
128.1892
131.369
134.8987
127.3893
129.2292
128.4292
126.3494
117.9801
121.0798
117.9201
123.5296
122.5797
114.2404
112.2706
113.0505
111.5806
103.7213
117.0102
109.2008
107.261
100.4416
104.2413
98.9017
104.9612
104.7412
109.0109
116.1303
118.0701
122.8497
124.5695
129.9891
127.2393
128.4892
123.7296
129.3591
126.4494
128.2892
125.5995
117.5801
119.36
107.9909
106.2011
107.201
102.8214
106.4611
108.0909
116.9002
119.14
119.1
116.78
115.59
113.37
117.87
116
116.26
120.87
123.51
124.04
121.4
121.44
117
118.85
122.85
124.92
127.72
132.89
132.65
134.81
134.8
