20.0716
20.6077
20.4814
20.2985
20.442
20.1474
20.1058
20.3965
20.4369
20.4635
20.0862
20.0683
20.2573
19.8694
20.1446
19.6286
19.2721
19.1052
19.1313
19.0801
18.8287
18.7993
18.6932
18.725
18.7743
18.5677
18.3292
18.2996
18.4187
17.9444
17.6467
17.3367
17.3394
18.122
18.2098
18.2239
18.5261
18.283
18.3035
18.3026
18.2441
18.0611
18.2279
18.3418
18.5131
18.2716
18.394
18.0765
17.8687
17.6117
17.1609
17.3253
17.2506
17.2126
17.5544
17.4209
17.6642
17.7146
17.6654
17.3141
17.2357
17.2547
17.3753
17.2248
17.5008
17.2414
17.2336
16.9733
17.0173
16.9178
17.4227
17.4661
17.258
16.957
17.0484
17.2064
16.7966
16.9266
15.9947
15.9869
16.468
16.682
16.8343
17.0903
17.2052
17.1648
17.1347
17.1739
17.0463
17.546
17.6715
17.5554
17.6111
18.1847
18.3265
18.3958
16.8964
17.2408
17.2794
17.7155
18.3458
18.3868
17.495
18.252
18.7809
18.8844
18.9519
19.1869
19.1099
18.8274
18.9785
18.6561
18.0807
18.3916
18.6256
18.5309
18.3048
17.9751
18.0744
18.1697
18.274
18.1274
17.6591
17.6588
17.78
17.1322
16.6467
16.4407
16.3448
16.0041
15.9911
16.0786
16.441
16.4196
16.3584
16.1464
15.8554
15.7544
15.5728
15.4718
15.5264
15.1425
15.1452
15.0083
15.3638
15.157
14.8801
14.8726
14.3753
14.1386
13.992
13.8626
13.7251
13.7574
13.7661
13.6615
13.4887
13.4088
13.47
12.6783
12.8894
12.675
12.8997
12.9407
12.8077
12.6603
12.7079
12.7429
12.7637
12.7182
12.7384
12.6066
12.4682
12.4015
12.2136
12.2172
12.1425
12.2598
12.1633
12.0191
11.9556
11.9407
11.5263
11.4905
11.4277
11.4654
11.7254
11.8168
11.8704
11.7812
11.7338
11.7899
11.852
11.7522
11.6988
11.526
11.2546
11.3427
10.9642
11.0674
11.3544
11.1283
11.3071
11.3816
11.6035
11.726
11.4374
11.599
11.6171
11.9205
12.2507
12.0547
12.0701
12.1554
11.9847
11.9576
12.207
12.2121
12.2043
12.0809
11.9956
12.2368
11.8478
11.9214
12.0212
12.7335
12.6657
12.7263
12.3171
12.1289
12.0716
11.7254
11.1521
11.3804
11.4069
11.2335
11.2968
11.4995
11.7785
11.9727
12.0405
12.1584
12.1925
12.1177
12.4289
12.4685
12.4136
12.0779
11.8505
11.7402
11.599
11.4579
11.3837
11.5845
11.5782
11.4519
11.2803
11.4908
11.6054
11.761
11.7604
11.5677
11.2703
11.3445
11.2667
10.7492
10.7368
11.039
11.473
11.4742
11.5625
11.3689
11.2697
10.9678
11.2791
10.6518
11.2673
11.3804
11.8388
11.7284
11.9648
11.7757
11.8162
11.8394
12.1657
12.0176
11.8608
11.6795
11.6678
11.3647
11.2727
11.0049
10.7893
10.7968
10.6681
10.6756
10.8478
10.7721
10.6081
10.5378
10.3517
10.1228
10.0737
10.1105
10.0134
9.8418
9.9889
9.729
9.8101
9.5091
9.6581
9.8059
9.8538
10.0254
9.8493
9.8282
9.9968
10.0194
10.0134
10.1943
10.3572
10.4374
10.4196
10.4895
10.1753
10.1026
10.1563
10.0179
10.0845
10.1093
10.2694
10.2495
10.137
10.0514
10.2685
10.4515
10.4714
10.5384
10.4826
10.4543
10.457
10.542
10.5007
10.4428
10.5589
10.457
10.5595
10.5677
10.6457
10.576
10.3261
10.1889
10.0076
9.8752
10.0248
10.1367
10.0242
9.976
10.1044
10.1955
10.1943
10.2199
10.2893
10.3909
10.51
10.5137
10.5839
10.5683
10.6014
10.4033
10.229
10.2896
10.2323
9.972
10.0918
9.9521
10.4172
10.6623
10.615
10.4546
10.6295
10.7287
10.7166
10.8566
10.8433
10.6189
10.5342
10.6518
10.4995
10.3403
10.3324
10.2115
10.5719
10.8053
10.9509
10.8535
10.8318
10.7616
10.6919
10.8011
10.7118
10.6117
10.4494
10.3572
10.3837
10.4051
10.2329
10.1358
10.3502
10.3695
10.2956
10.1765
9.8529
10.0327
10.2184
10.273
10.5091
10.4247
10.3867
10.3029
10.3274
10.1364
10.0643
10.0725
9.9907
9.9389
9.7275
9.7606
9.8098
9.8152
9.7914
9.7588
9.8059
9.7771
9.7169
9.6687
9.688
9.6611
9.659
9.7006
9.6672
9.643
9.6807
9.5963
9.6548
9.5731
9.5945
9.5417
9.3834
9.5559
9.4995
9.4933
9.3104
9.45
9.2501
9.3014
9.0622
9.0951
9.2593
9.2893
9.5494
9.5909
9.5321
9.6087
9.5637
9.5981
9.4331
9.3294
9.1732
9.0767
9.2052
9.2833
9.2899
9.3137
9.2724
9.3342
9.3647
9.3333
9.59
9.4916
9.1168
9.0514
9.0031
8.9072
8.8683
8.722
8.7211
8.7136
8.403
8.52
8.5571
8.6662
8.6509
8.7807
8.8155
8.713
8.6777
8.5577
8.5414
8.3044
8.3405
8.1491
8.0839
8.0532
7.9437
7.9334
7.9289
7.7748
7.8038
7.6047
7.5492
7.3312
7.3131
7.2866
7.2461
7.3249
7.2356
7.4126
7.5284
7.5357
7.6319
7.5987
7.4681
7.5121
7.5933
7.545
7.8231
7.8936
7.8436
7.8921
7.9307
7.899
7.8966
7.7579
7.7838
7.8698
7.9639
7.8191
7.839
7.8114
7.6671
7.5963
7.406
7.5363
7.583
7.6215
7.5935
7.759
7.8294
7.7832
7.8006
7.498
7.447
7.4934
7.5854
7.7253
8.0911
8.0429
8.1123
8.1717
8.2585
8.1475
8.2653
8.1988
8.0595
7.8315
7.6683
7.6451
7.5547
7.3342
7.5191
7.5676
7.7192
7.9349
7.96
7.8659
7.7468
7.6403
7.3616
7.3951
7.4416
7.3077
7.1702
7.4892
7.6104
7.6665
7.6545
7.7914
7.9039
7.7359
7.6596
7.1129
7.4262
7.7198
7.801
8.0323
7.8737
8.1014
7.8891
7.9024
8.1273
8.1674
8.0359
7.8173
7.3761
7.4509
7.4609
7.5067
7.4093
7.311
7.3068
7.2917
7.2362
7.2558
7.2238
7.1922
7.1162
7.0869
7.1124
7.0082
6.9633
6.8351
6.9171
6.8867
6.7778
6.7024
6.7748
6.7588
6.7688
6.7504
6.8336
6.8004
6.7805
6.7256
6.6068
6.6029
6.3544
6.3128
6.2983
6.3025
6.1707
6.0917
6.0512
5.9427
6.044
6.0818
6.1197
6.1083
6.134
6.0429
5.9913
5.8841
5.9165
5.8541
5.8945
5.7917
6.0082
5.9066
5.8725
5.7921
6.01
6.2692
6.2106
6.1242
5.9636
6.2748
6.385
6.485
6.2103
6.3158
6.3526
6.2642
6.3363
6.3927
6.3505
6.3622
6.4651
6.4539
6.3551
6.3824
6.3058
6.3815
6.304
6.0947
6.0423
5.978
5.8936
5.7859
5.8815
5.8556
5.9403
5.8707
5.9238
5.9651
5.7259
5.6982
5.83
5.9253
5.9177
5.94
6.0287
6.0492
6.1578
6.1653
6.2087
6.029
6.0468
6.2112
6.2425
6.2314
6.1656
6.0914
6.1294
6.1213
6.0754
5.8607
5.8514
5.7543
5.6922
5.709
5.6846
5.9213
5.8022
5.9521
6.1062
6.1502
6.1882
6.1798
5.994
5.7256
5.671
5.7467
5.7688
5.7305
5.7543
5.744
5.7078
5.7374
5.7302
5.6099
5.576
5.4542
5.5896
5.5905
5.6138
5.4997
5.5435
5.5941
5.5634
5.5495
5.5797
5.5655
5.4847
5.2823
5.2389
5.1918
5.2039
5.1611
5.2151
5.1361
5.0227
4.9813
4.9849
5.0727
5.1282
5.1101
5.0486
5.1086
5.0984
5.1032
5.016
4.9639
4.9458
4.8128
5.0296
5.0791
4.9853
4.9105
4.9675
4.9913
4.943
4.9792
4.9925
5.019
4.9274
4.9093
4.826
4.8251
4.8282
4.8247
4.7594
4.7268
4.5691
4.6113
4.5763
4.4488
4.4295
4.2905
4.2926
4.1774
4.1122
4.1382
4.0833
4.1801
4.2226
4.3073
4.2953
4.2814
4.2956
4.2178
4.108
4.0414
4.1427
4.2063
4.0977
4.0887
4.1119
4.1041
4.1306
4.2205
4.2295
4.304
4.3381
4.3628
4.3348
4.2506
4.2066
4.2024
4.0956
4.0733
4.0124
3.9439
3.6942
3.7449
3.7959
3.8435
3.8194
3.6918
3.7078
3.6035
3.7521
3.9075
3.896
3.8921
3.9958
4.0021
3.9828
3.8372
3.7947
3.7739
3.7365
3.7615
3.7365
3.7817
3.6644
3.6719
3.6339
3.722
3.6626
3.5477
3.5679
3.6255
3.6059
3.5079
3.4681
3.5721
3.4979
3.399
3.2778
3.1701
3.1511
3.2223
3.3134
3.2114
3.2217
3.2467
3.0637
3.0646
3.0615
3.0055
2.8776
2.893
2.9056
2.795
2.6727
2.5064
2.5724
2.6792
2.7494
2.665
2.652
2.6933
2.6897
2.7491
2.7217
2.6222
2.7503
2.7334
2.8459
2.8508
2.9904
2.9937
2.9198
2.9503
3.0914
3.0073
2.909
2.8212
2.804
2.7597
2.7181
2.8046
2.8408
2.7362
2.7033
2.6647
2.6647
2.4979
2.3583
2.4828
2.5145
2.5733
2.6451
2.6737
2.7316
2.7956
2.7446
2.8052
2.8523
2.7368
2.5739
2.6023
2.6119
2.5878
2.5646
2.605
2.5857
2.7141
2.6969
2.6888
2.8779
2.8574
2.9635
2.8649
2.9617
3.0175
3.0073
2.8348
2.7567
2.8921
2.7886
2.6819
2.7947
2.8649
2.7383
2.8031
2.4904
2.4273
2.6023
2.7114
2.658
2.7214
2.9084
2.7178
2.858
2.8915
2.9626
2.9886
3.1152
3.3471
3.2256
3.2446
3.3486
3.1529
3.013
2.7772
2.9065
2.9623
2.9213
2.7591
2.9687
2.9373
3.0727
2.9539
3.1388
3.3251
2.9192
2.6761
2.7078
2.6888
2.9596
2.9273
3.0187
3.2907
3.4277
3.1743
3.8673
3.9786
3.8815
3.8251
3.9521
4.2494
4.0438
3.855
4.2184
4.2329
4.4916
4.6035
4.5721
4.5742
4.7624
4.8306
4.8619
5.035
5.0118
5.1125
5.2395
5.2675
5.2365
5.2036
5.3315
5.2561
5.3028
5.2332
5.2893
5.2998
5.4078
5.4072
5.3297
5.2341
5.1131
4.9328
4.9515
4.8444
4.621
4.7244
4.7935
4.8215
4.7371
4.6563
4.8891
4.7959
5.0139
4.8861
5.0148
4.9804
5.1813
5.2114
5.1159
5.2437
5.2045
5.3266
5.2549
5.4147
5.2823
5.1303
5.0718
5.2678
5.0495
5.1294
5.0742
5.3496
5.2247
5.222
5.2856
5.4554
5.3906
5.4714
5.333
5.1982
5.225
5.4527
5.5984
5.4768
5.5984
5.7127
5.5848
5.5902
5.6122
5.6922
5.63
5.6397
5.6222
5.4636
5.3393
5.3737
5.6062
5.5368
5.6581
5.7217
5.6171
5.7286
5.6744
5.5323
5.5809
5.5064
5.6291
5.5709
5.4566
5.4283
5.2458
5.279
5.1943
5.1186
5.0947
4.9123
4.8312
5.0712
4.8565
4.659
4.6351
4.4747
4.4566
4.4373
4.6608
4.567
4.6092
4.7012
4.6164
4.5721
4.4479
4.5094
4.3275
4.3128
4.2295
4.3746
4.2515
4.2078
4.019
3.9105
4.0055
3.8218
3.8182
3.8583
3.8007
3.8405
3.6095
3.6867
3.6469
3.7543
3.7582
3.671
3.7702
3.9177
3.7081
3.5932
3.611
3.6026
3.6653
3.7341
3.6846
3.7585
3.8438
3.9023
3.7654
3.9038
3.7841
3.6562
3.6792
3.9011
3.9702
4.0335
4.0821
3.9862
3.9669
3.9207
3.9207
4.0893
4.194
4.6937
4.8661
4.852
4.8143
5.0978
5.3915
5.2078
5.3686
5.4102
5.1644
5.3571
5.4298
