24.8531
25.0392
25.3587
24.5861
24.5821
24.934
24.5295
24.7965
24.7803
24.8288
24.7237
24.4769
24.7075
24.9178
24.8693
24.9987
24.9016
24.4324
24.3758
24.424
24.4481
24.5124
24.3758
24.3195
24.0704
23.9096
23.4596
23.6364
23.6846
23.8212
23.9137
23.4355
23.1702
23.4274
23.5319
24.203
24.645
24.4722
23.8373
23.6605
23.6203
23.0095
23.548
23.9016
24.1106
24.2592
24.6731
24.7214
24.5606
24.5847
24.0382
24.2472
24.1266
24.0021
24.6731
24.2191
24.858
24.6731
23.982
24.1266
23.5801
23.4114
23.5399
23.2225
23.8293
23.4917
23.5882
22.9091
22.9452
22.8648
23.4596
23.5801
23.7569
23.3551
23.3631
23.3953
23.9177
23.9096
23.5239
23.8855
24.0302
24.2793
24.4949
24.8781
24.5428
24.5588
24.3512
24.471
24.7344
25.3572
25.3891
25.5568
25.5608
25.5328
25.6366
25.7085
25.4849
25.6446
25.8841
24.7584
24.8622
25.1017
24.8103
24.5987
24.7304
24.2274
24.3272
24.8302
25.1656
24.9181
25.5009
25.7803
25.7524
25.6446
25.7005
25.964
26.0198
25.5568
25.5448
25.4769
25.5408
25.7085
26.0278
26.2274
26.1636
26.0837
25.5807
25.5408
25.5568
25.421
25.1935
25.3891
25.6087
25.7803
25.3412
25.445
25.0298
25.1336
25.0458
24.966
25.1017
24.95
24.9779
23.9919
24.1516
24.2547
24.1873
24.4054
24.3182
24.0723
23.9533
23.985
23.755
23.7074
23.4219
23.4853
23.1839
23.3981
23.4457
23.2712
23.5805
23.5647
22.3035
22.3908
22.4106
22.4066
22.2084
21.9863
22.0815
22.0021
22.2916
21.9546
21.7325
21.2288
20.5903
20.6379
20.4793
20.6538
20.6458
20.4713
20.4317
20.6419
20.2493
20.622
20.2731
20.2969
20.4317
20.2334
20.3841
20.1462
20.3048
20.3524
20.3841
20.0034
20.051
20.2889
19.702
19.7258
19.2737
19.4085
19.6623
19.8289
20.0668
20.2572
20.6776
21.209
21.0673
21.1854
20.6894
20.6264
21.3822
21.0988
20.6658
20.8862
20.4768
20.4611
20.9649
21.2405
21.453
20.9334
21.1066
21.4058
21.3822
21.2877
21.3586
21.5003
21.2405
21.4688
21.3979
21.2247
21.2562
21.209
20.6658
20.7366
20.3824
19.9494
19.3117
19.5951
20.036
20.1344
20.2092
20.0281
19.7289
19.7289
20.4611
21.2405
21.4215
21.3507
21.2483
20.8626
20.5004
20.3824
20.2643
20.6422
20.469
20.0832
20.3115
20.6343
20.9413
20.65
20.343
19.8785
19.3432
19.603
19.4613
18.8787
18.9338
19.4219
19.8746
19.9572
19.9572
19.6365
19.7069
18.9324
20.012
19.1514
20.0902
20.2936
21.0603
20.9664
21.3341
21.4358
21.6862
21.3811
21.9678
21.8348
21.5375
21.1972
21.1698
21.5454
20.8021
20.9508
20.7083
20.8334
20.763
20.8334
21.0603
20.943
20.5987
20.364
20.3562
20.3406
20.0433
20.1841
19.7147
19.0106
19.2688
19.2844
19.3705
19.1436
18.9793
18.772
18.5725
18.948
18.8072
18.5451
18.7446
18.729
18.8229
18.7837
18.7016
18.948
19.1123
19.5661
19.3705
19.3001
18.9246
18.8933
18.9089
19.1593
19.3353
19.3157
19.1827
19.0972
19.4548
19.6802
19.7113
19.9522
20.0766
20.1077
20.0455
20.2553
20.061
19.9444
20.1465
20.7606
20.5041
20.3564
19.9056
19.8356
20.0222
19.548
19.4936
19.719
19.7579
19.9211
19.9289
20.1932
20.2631
20.3642
20.3253
20.0377
19.8589
19.8045
19.7346
19.9056
19.8123
19.7501
19.9133
20.061
19.8512
19.6607
19.6879
19.276
19.2604
19.2682
19.7346
19.9678
19.96
19.7501
20.1232
20.1387
19.9911
20.1718
20.3642
20.2689
20.3331
20.6595
20.6362
20.8072
20.6673
20.6673
21.0326
21.1492
21.0015
20.9549
21.0399
21.0553
21.2485
21.6116
21.8531
21.7874
21.4571
21.3644
21.5885
21.629
21.4223
21.4424
22.307
22.2375
21.9825
21.9284
21.6503
21.9072
21.998
22.1448
21.8666
21.7816
22.0598
21.7198
21.8048
22.0984
22.2684
21.6348
21.7024
21.6194
21.5653
21.5189
21.6116
21.6425
21.6889
21.8666
21.7797
21.6889
21.488
21.5595
21.6252
21.5189
21.3412
21.0515
21.1249
20.924
21.0399
20.7617
20.7385
20.8776
20.7772
20.1204
19.5158
19.5563
19.51
19.6027
19.4095
19.8809
19.8499
19.9639
19.7572
19.9427
20.1193
20.173
20.4879
20.6875
20.6952
20.5877
20.6184
20.8411
20.7567
21.0331
20.6952
20.4764
20.1807
20.0041
19.8889
19.3437
19.4877
19.5203
19.4358
19.2746
19.8275
19.6125
19.3744
19.4589
19.0673
18.883
18.8676
18.8369
18.7601
18.6987
18.3608
18.7217
18.8062
18.8138
18.9501
18.9924
19.025
18.7601
18.8983
19.313
19.528
19.3667
19.4512
19.2861
19.2208
19.2823
18.3147
18.4376
18.3761
18.3992
18.6526
18.3838
18.3531
18.0191
18.1534
18.3761
18.2917
18.5067
18.4606
18.6449
18.6065
18.7678
19.0596
18.9751
18.7154
18.639
18.7077
18.9904
19.1508
19.5633
19.5175
19.38
19.655
19.9834
20.1133
19.7161
19.8841
19.823
19.9834
19.9376
19.7161
19.739
19.189
19.464
19.273
19.0133
19.4869
19.4334
19.1966
18.9675
18.5397
18.6462
18.5626
18.1959
17.7758
17.6918
17.5772
17.8063
18.5702
18.7402
19.0973
19.3326
19.6855
19.823
20.1973
20.1439
20.1057
20.3062
19.4755
19.6015
19.0973
18.9369
19.1814
19.3189
19.7008
20.5182
20.2126
19.7772
19.7084
19.8612
19.105
19.9147
20.0675
20.5029
20.7091
21.5723
21.8454
22.007
21.9994
22.2352
22.3872
21.9614
22.007
21.4519
22.0374
22.699
22.9119
23.4671
23.2199
23.5758
23.5051
23.4557
23.6572
23.5431
23.8701
23.826
23.8473
23.6032
23.3226
23.4747
23.4366
23.1553
23.0564
23.0716
22.7522
22.3188
22.296
22.258
22.1743
22.2713
22.6382
22.5013
22.5545
22.8207
22.5469
22.7218
22.5089
22.5013
22.5165
22.5317
22.334
22.2732
22.258
22.1895
22.0298
21.9006
21.7713
21.739
21.7713
21.642
21.642
22.0679
21.8017
21.7485
21.7713
21.5432
21.8473
21.8777
22.0291
21.7409
21.5584
21.142
21.2859
21.1875
21.2026
20.9831
21.2102
21.0739
21.6719
21.5432
21.5054
21.3313
22.0731
22.4592
22.3305
22.1942
21.9217
22.7165
23.1518
23.5416
23.3599
23.4356
22.9739
22.7619
22.9133
23.2085
23.0511
23.2918
23.4356
23.4281
23.0723
23.4356
23.7611
23.5946
23.4659
23.4054
23.3297
23.1026
22.9815
22.4062
22.7846
22.7241
22.7922
22.5954
22.6105
22.4894
22.3835
22.55
22.6938
22.5803
22.5424
22.7165
22.2623
22.1185
22.55
22.6408
22.6635
22.4213
22.5424
22.7922
22.709
22.2643
22.3321
22.1286
21.9477
21.8648
21.8497
21.4955
21.4578
21.1488
20.7493
21.0131
20.9001
21.2694
21.1186
21.5483
21.6161
21.1186
20.0409
20.0333
19.875
19.8675
19.973
20.1313
19.566
19.453
19.3851
19.257
19.3475
18.9178
18.9254
18.5711
18.8123
18.752
19.3851
19.4077
19.468
19.257
19.551
19.3776
19.4228
19.0686
19.0384
19.0686
18.9932
18.9932
18.8425
18.737
18.8425
18.6767
18.7068
18.5561
18.1717
17.9833
18.0888
18.5787
18.6013
18.6088
18.5033
18.5711
18.5711
18.3978
17.8401
17.825
17.7722
17.4274
17.7587
17.7048
17.6373
17.3375
17.5548
17.6598
17.5848
17.8472
17.8172
17.8622
17.6298
17.8472
17.8397
17.5923
17.3225
17.5773
19.1589
18.5892
18.6117
18.3869
18.207
18.3194
18.0795
17.3225
17.4124
16.7828
16.8203
16.9102
16.8877
17.3899
17.5174
18.0196
17.8172
17.8847
17.5024
17.8322
17.5923
17.4949
17.4499
18.0421
17.6148
17.7497
17.5773
17.5548
17.4874
17.1126
16.9027
16.5504
16.5279
16.5954
16.363
16.2881
16.0407
16.0407
15.6584
15.3286
15.0888
15.2462
14.8039
14.8564
15.2762
15.2237
15.3429
15.0598
14.9407
14.7098
14.8141
14.3895
14.464
14.3895
14.7396
14.7396
15.0375
15.0747
15.0896
15.0822
14.8438
15.1939
15.5738
14.0916
13.9873
14.1288
13.8607
14.3001
14.7172
14.0246
14.4119
14.5906
14.6502
14.2927
13.9724
13.9724
13.965
14.3672
14.3821
13.682
13.0191
13.5032
14.0246
13.317
13.3096
13.6522
12.7063
12.7659
12.6318
12.5871
12.103
12.4009
12.669
12.7435
12.2743
11.2837
11.3805
11.3731
12.0062
11.8274
11.7604
12.0285
12.2296
12.6318
12.7882
12.818
13.4064
13.3394
13.4958
13.4734
14.1168
14.2425
14.2055
13.9023
14.3756
14.5383
14.0798
13.7766
13.6805
13.185
12.6452
13.0075
13.3403
13.0593
13.0371
12.7191
12.6526
14.3312
13.6657
14.5753
14.2277
14.1168
14.6566
14.3978
14.4347
14.8784
14.4274
15.3517
15.1742
15.0337
14.3756
14.3016
14.0206
14.1463
14.1759
14.2573
14.1833
14.139
14.2721
14.5383
14.871
14.0798
14.3164
14.383
15.2408
15.2334
15.5366
14.6936
14.1316
14.6936
14.1611
13.7618
14.9524
15.152
14.7823
15.2999
14.5531
12.9632
13.5252
14.5087
14.1928
14.7364
15.6106
14.9127
15.5739
15.6474
15.7943
15.3388
16.2204
17.2856
16.617
16.404
16.6244
16.8962
16.9697
15.5592
16.1322
16.3967
15.8163
17.1607
18.1597
17.5794
17.7704
16.6464
17.7043
18.7327
15.7943
16.382
16.9036
17.0652
18.2993
19.3351
19.2837
19.4527
19.6069
18.3728
20.1285
19.5482
18.8944
18.6887
18.6593
18.483
18.5564
18.0496
19.0927
19.7024
20.2901
20.0844
19.4233
19.1735
19.1882
18.8429
19.3572
19.7612
19.9081
20.0477
20.5252
20.2461
20.033
20.3195
20.4518
19.9669
20.0477
20.0698
20.26
20.3478
20.421
20.421
20.5746
20.4136
20.5819
20.0405
19.7698
19.1771
18.4967
18.6137
18.8186
19.1917
19.1039
18.6576
19.1405
18.6137
19.3381
18.8771
18.7601
18.921
20.1356
19.9454
19.1332
18.4015
18.4747
18.621
18.4601
18.9137
19.0454
19.0088
18.9357
19.66
20.1283
20.2161
20.3039
20.7429
20.2893
20.4649
20.6551
21.1673
20.8234
21.0721
21.1673
21.2697
20.6624
19.8429
20.4063
20.2746
20.1137
20.7063
20.1502
19.982
20.3405
20.7209
20.7136
20.6185
20.8087
20.5234
20.8307
20.6697
21.0429
21.555
21.9428
22.2795
21.8989
21.7892
21.8621
21.4247
21.3372
21.2935
21.6507
21.1987
21.3153
21.432
20.7905
20.878
21.1331
21.7454
23.1815
22.9264
22.0516
22.1755
21.8694
21.3008
21.1039
20.5937
20.4551
20.6155
21.2206
21.0602
20.9581
21.257
21.257
21.1404
21.257
21.5048
20.6884
20.3458
20.4479
20.8196
21.2424
21.2643
21.2716
20.8634
21.4466
20.6301
20.3823
20.8634
20.8707
21.3445
20.4479
20.3166
20.0979
20.4988
20.1125
19.6751
19.8282
20.3604
20.6009
20.6884
20.2948
20.1781
20.4843
20.5718
20.5353
20.637
20.6951
21.0291
20.5789
20.4845
20.7387
20.4192
20.7096
21.109
21.9223
22.1109
23.6723
23.3818
23.6723
23.7594
23.9192
24.1443
23.1858
23.2293
23.97
24.0426
24.1297
24.6889
24.9721
24.6235
24.9285
25.0084
24.2895
25.1318
24.9648
