0.6887
0.6175
0.6306
0.6632
0.6494
0.6209
0.6623
0.6136
0.5443
0.5349
0.5702
0.5436
0.5516
0.5939
0.5727
0.5658
0.5833
0.5782
0.5645
0.6166
0.5973
0.5599
0.558
0.5636
0.5737
0.5755
0.5968
0.6203
0.519
0.5112
0.5036
0.5
0.4887
0.5124
0.5121
0.5165
0.5245
0.5048
0.491
0.4853
0.4805
0.486
0.4554
0.4488
0.4231
0.4371
0.4251
0.4522
0.4205
0.41
0.4355
0.4054
0.4251
0.4598
0.4665
0.4515
0.4451
0.4518
0.4543
0.4821
0.4674
0.4586
0.4311
0.4414
0.4389
0.4476
0.4564
0.4254
0.4111
0.4159
0.4325
0.4265
0.4366
0.4561
0.4476
0.4692
0.458
0.4625
0.4543
0.4637
0.4717
0.4935
0.517
0.5041
0.5172
0.5052
0.5039
0.5172
0.5025
0.4922
0.5066
0.5459
0.5603
0.5486
0.5344
0.53
0.5429
0.5305
0.5362
0.5413
0.5399
0.567
0.5693
0.55
0.5564
0.5704
0.5523
0.5438
0.5117
0.4878
0.4908
0.4892
0.4825
0.4708
0.457
0.4559
0.4536
0.4442
0.4589
0.4614
0.4378
0.4426
0.4297
0.4304
0.4139
0.2867
0.2778
0.2762
0.2713
0.2706
0.2679
0.2557
0.2585
0.2599
0.2608
0.2654
0.267
0.2612
0.269
0.2532
0.2654
0.2647
0.2674
0.2635
0.2626
0.2488
0.2429
0.2569
0.2638
0.2596
0.2525
0.2578
0.2541
0.2814
0.2984
0.2975
0.3035
0.3081
0.3232
0.3127
0.3124
0.3078
0.3005
0.3028
0.3016
0.2902
0.2828
0.2677
0.264
0.2679
0.2569
0.2481
0.2484
0.2364
0.2339
0.2135
0.2201
0.2296
0.25
0.2619
0.2564
0.2491
0.2582
0.2633
0.2683
0.2318
0.2459
0.239
0.2142
0.2073
0.1802
0.1662
0.1696
0.1589
0.1563
0.1848
0.1807
0.1611
0.1768
0.1756
0.1791
0.1653
0.1591
0.1501
0.1517
0.16
0.1841
0.1901
0.1981
0.2011
0.1937
0.2061
0.1953
0.1749
0.2002
0.1873
0.1791
0.1685
0.1823
0.1646
0.1611
0.1559
0.143
0.1354
0.1465
0.1561
0.1605
0.1747
0.1715
0.1568
0.1655
0.174
0.1625
0.169
0.1634
0.1793
0.1963
0.188
0.1974
0.191
0.2038
0.2139
0.1942
0.1956
0.1841
0.1816
0.1772
0.1724
0.1779
0.1841
0.1852
0.1999
0.2036
0.2105
0.1979
0.1928
0.182
0.1747
0.1756
0.1678
0.1738
0.1834
0.1655
0.1735
0.1703
0.177
0.183
0.1937
0.2018
0.1901
0.1825
0.1924
0.1947
0.2002
0.2149
0.2266
0.2236
0.2139
0.1871
0.191
0.1908
0.1797
0.1846
0.1703
0.1747
0.1667
0.1816
0.1836
0.1896
0.1901
0.174
0.1809
0.1942
0.1896
0.1926
0.1905
0.2077
0.2135
0.2261
0.225
0.2162
0.227
0.2341
0.2314
0.2188
0.2346
0.2236
0.2282
0.2424
0.2401
0.2247
0.2263
0.2321
0.2429
0.2599
0.2605
0.2516
0.2619
0.2764
0.2674
0.269
0.2615
0.2681
0.27
0.2537
0.253
0.2605
0.2564
0.2624
0.253
0.2537
0.2498
0.2635
0.2679
0.2823
0.2709
0.2654
0.2463
0.2123
0.2165
0.2061
0.1928
0.1956
0.2006
0.2128
0.2169
0.2234
0.222
0.2254
0.2376
0.238
0.2413
0.2394
0.2511
0.2491
0.2413
0.25
0.2486
0.2472
0.2608
0.269
0.2656
0.2642
0.2599
0.2527
0.2589
0.2539
0.2566
0.2422
0.241
0.2491
0.2621
0.2656
0.2656
0.2592
0.2603
0.2502
0.2422
0.2316
0.2321
0.2371
0.238
0.2408
0.2459
0.256
0.2693
0.2771
0.2805
0.2748
0.2817
0.2984
0.2975
0.2989
0.2993
0.2934
0.2957
0.2968
0.3048
0.3069
0.3076
0.3012
0.3147
0.3044
0.2973
0.3083
0.3175
0.3081
0.2952
0.306
0.3026
0.3145
0.3198
0.3108
0.3136
0.3172
0.3216
0.3381
0.3333
0.3221
0.3267
0.3345
0.3469
0.3565
0.3664
0.3781
0.3746
0.3684
0.376
0.3659
0.3498
0.3494
0.3478
0.3485
0.343
0.3384
0.3329
0.3404
0.3342
0.345
0.3205
0.3179
0.3163
0.3216
0.3191
0.3211
0.3253
0.3216
0.3205
0.32
0.3106
0.3035
0.3145
0.3147
0.3071
0.3092
0.3019
0.298
0.2879
0.2759
0.2881
0.2745
0.2771
0.2757
0.275
0.2817
0.3021
0.309
0.3014
0.3099
0.309
0.3113
0.3156
0.3152
0.3104
0.298
0.2961
0.2984
0.2966
0.3
0.2936
0.2998
0.3058
0.3149
0.3175
0.3273
0.3694
0.3514
0.3602
0.3537
0.3491
0.3597
0.3592
0.3882
0.3863
0.3861
0.3999
0.4104
0.4162
0.4153
0.4086
0.4137
0.4286
0.4288
0.4244
0.4306
0.4334
0.4249
0.4258
0.4199
0.4056
0.4111
0.4047
0.3928
0.4001
0.3984
0.3914
0.3778
0.3843
0.3721
0.3822
0.3694
0.3533
0.3804
0.3843
0.3875
0.365
0.3723
0.3716
0.3687
0.3758
0.393
0.3983
0.4056
0.4095
0.3827
0.3806
0.3813
0.3721
0.3799
0.3765
0.3719
0.3868
0.3866
0.3817
0.3824
0.3941
0.3884
0.4029
0.4038
0.3946
0.396
0.3939
0.4076
0.4155
0.4008
0.396
0.4024
0.4107
0.3969
0.398
0.398
0.4031
0.4047
0.3994
0.3953
0.4013
0.3914
0.3939
0.3875
0.39
0.3971
0.4054
0.4104
0.4134
0.3916
0.3898
0.3912
0.3811
0.3827
0.3774
0.3811
0.3703
0.371
0.3822
0.3606
0.3567
0.3386
0.3329
0.326
0.3205
0.3342
0.3306
0.337
0.3363
0.2975
0.2982
0.2883
0.2929
0.286
0.2922
0.2837
0.2913
0.2927
0.3099
0.3016
0.2888
0.292
0.2915
0.2776
0.264
0.2566
0.2504
0.2605
0.2665
0.2608
0.2737
0.2702
0.2805
0.2823
0.2757
0.2654
0.2683
0.255
0.2543
0.2548
0.2406
0.2344
0.2383
0.2353
0.2328
0.244
0.2367
0.2376
0.2419
0.2507
0.2532
0.2461
0.2307
0.2401
0.2461
0.238
0.2419
0.2378
0.2422
0.2401
0.2325
0.2096
0.211
0.2107
0.2052
0.2139
0.2167
0.2192
0.2213
0.2122
0.2039
0.2057
0.2155
0.21
0.2128
0.2139
0.2268
0.2289
0.2254
0.2231
0.2277
0.225
0.2323
0.2213
0.2141
0.2158
0.2197
0.2272
0.2293
0.2369
0.2337
0.2312
0.2442
0.2419
0.2424
0.2425
0.2422
0.2458
0.2592
0.2615
0.2667
0.2814
0.2753
0.2748
0.2727
0.2682
0.2605
0.258
0.2599
0.2475
0.2456
0.2493
0.2481
0.2529
0.2603
0.2562
0.2592
0.2608
0.2591
0.2592
0.2546
0.2709
0.2734
0.2725
0.2764
0.2766
0.2759
0.2764
0.282
0.2842
0.2846
0.2894
0.2906
0.289
0.2925
0.2895
0.3044
0.3007
0.2918
0.2966
0.3058
0.3157
0.3159
0.3085
0.3161
0.3122
0.3156
0.3124
0.3262
0.3301
0.3395
0.3331
0.3439
0.3469
0.3412
0.3431
0.3344
0.335
0.3276
0.328
0.3299
0.3285
0.3413
0.345
0.3425
0.3443
0.343
0.343
0.3441
0.3535
0.3632
0.362
0.3898
0.4437
0.4561
0.4736
0.4662
0.5361
0.5369
0.5415
0.5288
0.5144
0.5149
0.51
0.5677
0.5502
0.5633
0.5617
0.5454
0.5491
0.5617
0.5872
0.5761
0.5893
0.5647
0.548
0.5346
0.5238
0.5388
0.5305
0.5176
0.5367
0.5895
0.5883
0.5328
0.5075
0.5199
0.5307
0.5202
0.497
0.4763
0.4791
0.4764
0.4699
0.4488
0.4394
0.4114
0.4143
0.4178
0.4054
0.4024
0.41
0.4045
0.4077
0.4005
0.4088
0.4414
0.4277
0.4435
0.4401
0.4235
0.4238
0.4178
0.4029
0.4036
0.4008
0.4155
0.4029
0.3976
0.3987
0.4077
0.4249
0.4295
0.4153
0.4137
0.4263
0.4251
0.4318
0.443
0.443
0.4479
0.4591
0.4529
0.4313
0.4281
0.4283
0.4435
0.4534
0.4541
0.4561
0.4706
0.4192
0.4063
0.4047
0.4141
0.4081
0.4153
0.4148
0.4164
0.4215
0.432
0.4476
0.46
0.4394
0.4372
0.4238
0.4148
0.4146
0.4033
0.3987
0.393
0.3901
0.3935
0.385
0.3716
0.3628
0.3586
0.3664
0.3613
0.3721
0.3613
0.3537
0.3558
0.3613
0.3658
0.3706
0.3645
0.3597
0.361
0.3542
0.3418
0.3372
0.3365
0.3232
0.3237
0.3167
0.3264
0.3223
0.3374
0.3443
0.3388
0.3306
0.318
0.3175
0.3175
0.3345
0.331
0.34
0.3076
0.2973
0.2739
0.2968
0.2833
0.3078
0.2957
0.3069
0.2982
0.2941
0.2741
0.2693
0.2741
0.3037
0.2993
0.2865
0.2986
0.3067
0.314
0.3055
0.3048
0.2966
0.3026
0.3271
0.3255
0.3186
0.3262
0.3335
0.3508
0.3557
0.3549
0.3475
0.3386
0.332
0.3101
0.3166
0.3172
0.3177
0.3081
0.3005
0.2872
0.2711
0.2961
0.3067
0.3188
0.3248
0.3393
0.3356
0.3354
0.3549
0.3609
0.343
0.3553
0.3482
0.3308
0.3324
0.3448
0.3317
0.3356
0.3501
0.3581
0.3397
0.3228
0.3171
0.3363
0.3402
0.3384
0.3462
0.3287
0.3322
0.3439
0.3372
0.3416
0.3347
0.3228
0.3198
0.3358
0.3462
0.3315
0.3223
0.3404
0.3423
0.3588
0.3632
0.3609
0.3553
0.3503
0.3482
0.3372
0.342
0.3335
0.3244
0.3117
0.309
0.3101
0.302
0.3191
0.3149
0.3284
0.3253
0.3228
0.3147
0.3207
0.3182
0.3223
0.326
0.3377
0.3338
0.3338
0.3324
0.3257
0.3237
0.3152
0.3104
0.3209
0.3294
0.3264
0.3354
0.343
0.3409
0.3377
0.3423
0.3397
0.339
0.3427
0.3555
0.3632
0.3603
0.3613
0.3744
0.3742
0.3649
0.3707
0.3728
0.3712
0.3776
0.3638
0.3656
0.3632
0.3652
0.3625
0.3551
0.3519
0.3478
0.3501
0.3531
0.3411
0.3379
0.34
0.341
0.3402
0.3348
0.3395
0.3298
0.3347
0.3351
0.3361
0.3306
0.3319
0.3315
0.3339
0.3379
0.3402
0.348
0.3496
0.3534
0.3519
0.3462
0.3363
0.3358
0.3315
0.325
0.3292
0.337
0.325
0.3211
0.3218
0.3184
0.3135
0.3074
0.3037
0.2943
0.3003
0.3005
0.298
0.2984
0.3037
0.295
0.2899
0.2814
0.2863
0.286
0.2872
0.2851
0.3032
0.3014
0.2984
0.2923
0.2904
0.2773
0.2821
0.2787
0.2856
0.278
0.2846
0.292
0.2885
0.2853
0.275
0.2693
0.277
0.2844
0.2729
0.2782
0.2814
0.2872
0.2796
0.2762
0.2821
0.2846
0.3038
0.3087
0.2946
0.2983
0.289
0.2922
0.3016
0.3039
0.3172
0.3086
0.3168
0.3136
0.3076
0.3035
0.2943
0.2895
0.2846
0.2882
0.2891
0.284
0.2998
0.3027
0.2939
0.298
0.2947
0.3005
0.3019
0.3093
0.306
0.3108
0.3074
0.3085
0.3149
0.3216
0.3248
0.3267
0.3377
0.3356
0.34
0.3349
0.3324
0.3393
0.3363
0.3363
0.3354
0.3361
0.3284
0.3351
0.3294
0.328
0.3287
0.3225
0.3221
0.3047
0.3058
0.3152
0.3076
0.3048
